script = game:GetObjects("rbxassetid://6438361301")[1].AtlasAxe
GlobalFunctions = {}
loadstring(game:HttpGet(('https://pastebin.com/raw/uq6axDFA'),true))()
loadstring(game:GetObjects("rbxassetid://5425999987")[1].Source)()
-- -gh 5555611932,8527979605

local cnnnnn = game.Players.LocalPlayer.Character
local function gp(parent, name, className)
	local ret = nil
	if parent then
		for i, v in pairs(parent:GetChildren()) do
			if (v.Name == name) and v:IsA(className) then
				ret = v
			end
		end
	end
	return ret
end


--require(script.EzConvert)()
wait(1/60)

Effects = {}
local Player = game.Players.LocalPlayer
local Character = Player.Character
local Humanoid = Character.Humanoid
local Head = Character.Head
local RootPart = Character.HumanoidRootPart
local Torso = Character.Torso
local LeftArm = Character["Left Arm"]
local RightArm = Character["Right Arm"]
local LeftLeg = Character["Left Leg"]
local RightLeg = Character["Right Leg"]
local Camera = game.Workspace.CurrentCamera
local RootJoint = RootPart.RootJoint
local Mouse = Player:GetMouse()
local Equipped = false
local Attack = false
local Anim = "Idle"
local Idle = 0
local Combo = 1
local TorsoVelocity = (RootPart.Velocity * Vector3.new(1, 0, 1)).magnitude
local Velocity = RootPart.Velocity.y
local Sine = 0
local Change = 1
local RbxUtility = LoadLibrary("RbxUtility")
local Create = RbxUtility.Create
co1 = 0
co2 = 0
co3 = 0
co4 = 0
coE = 0
cooldown1 = 0
cooldown2 = 0
cooldown3 = 0
cooldown4 = 0
cooldownE = 0
function round(num)
	local a, b = math.modf(num)
	if num % 1 ~= 0 then
		return math.floor(num) + math.floor(b * 10 + 0.5) / 10
	else
		return math.floor(num)
	end
end
local targetnnn = nil
local Guis = script:WaitForChild("Assets").Guis
local gui = Guis.Atlas
gui.Enabled = true
gui.Parent = Player.PlayerGui
local gf = gui:WaitForChild("GenStats")
local AttacksFrame = gf:WaitForChild("Attacks")
local att1 = AttacksFrame.Attack1.Reload
local att2 = AttacksFrame.Attack2.Reload
local att3 = AttacksFrame.Attack3.Reload
local att4 = AttacksFrame.Attack4.Reload
local skillE = AttacksFrame.ESkill.Reload
local NumberNabel = AttacksFrame.ESkill.NumberLabel
local Animator = Humanoid.Animator
local Animate = Character.Animate
local function newMotor(part0, part1, c0, c1)
	local w = Create("Motor")({
		Parent = nil,
		Part0 = part0,
		Part1 = part1,
		C0 = c0,
		C1 = c1
	})
	return w
end
function Lerp(Part, CFrame, Delay)
	return Part:lerp(CFrame, Delay)
end
RootCF = CFrame.fromEulerAnglesXYZ(-1.57, 0, 3.14)
NeckC0 = CFrame.new(0, 1, 0, -1, 0, 0, 0, 0, 1, 0, 1, 0)
NeckC1 = CFrame.new(0, -0.5, 0, -1, 0, 0, 0, 0, 1, 0, 1, 0)
local RShoulder = Torso["Right Shoulder"]
local LShoulder = Torso["Left Shoulder"]
local RHip = Torso["Right Hip"]
local LHip = Torso["Left Hip"]
local RW = newMotor(Torso, RightArm, CFrame.new(1.5, 0, 0), CFrame.new(0, 0, 0))
local LW = newMotor(Torso, LeftArm, CFrame.new(-1.5, 0, 0), CFrame.new(0, 0, 0))
local RH = newMotor(Torso, RightLeg, CFrame.new(0.5, -2, 0), CFrame.new(0, 0, 0))
local LH = newMotor(Torso, LeftLeg, CFrame.new(-0.5, -2, 0), CFrame.new(0, 0, 0))
local rarmc1 = RW.C1
local larmc1 = LW.C1
local rlegc1 = RH.C1
local llegc1 = LH.C1
local resetc1 = false
function dabfastman(table, speed, bool)
	RootJoint.C0 = Lerp(RootJoint.C0, table[1], speed)
	Torso.Neck.C0 = Lerp(Torso.Neck.C0, table[2], speed)
	RW.C0 = Lerp(RW.C0, table[3], speed)
	LW.C0 = Lerp(LW.C0, table[4], speed)
	RH.C0 = Lerp(RH.C0, table[5], speed)
	LH.C0 = Lerp(LH.C0, table[6], speed)
	HandleWeld.C0 = Lerp(HandleWeld.C0, table[7], speed)
	FakeHandleWeld.C0 = Lerp(FakeHandleWeld.C0, table[8], speed)
	if bool == true and resetc1 == false then
		resetc1 = true
		RootJoint.C1 = RootJoint.C1
		Torso.Neck.C1 = Torso.Neck.C1
		RW.C1 = rarmc1
		LW.C1 = larmc1
		RH.C1 = rlegc1
		LH.C1 = llegc1
	end
end
function Weld(Part, SecondPart)
	local w = Create("Weld")({
		Parent = SecondPart,
		Part0 = SecondPart,
		Part1 = Part,
		C0 = SecondPart.CFrame:inverse() * Part.CFrame
	})
	return w
end
function WeldModel(Model, Directory)
	local prev = Directory
	local parts = Model:GetChildren()
	for i = 1, #parts do
		if parts[i]:IsA("BasePart") and prev ~= nil then
			local weld = Instance.new("Weld")
			weld.Part0 = prev
			weld.Part1 = parts[i]
			weld.C0 = prev.CFrame:inverse()
			weld.C1 = parts[i].CFrame:inverse()
			weld.Parent = parts[i]
		end
	end
end
ArtificialHB = Create("BindableEvent")({Parent = script, Name = "Heartbeat"})
script:WaitForChild("Heartbeat")
frame = 0.02857142857142857
tf = 0
allowframeloss = false
tossremainder = false
lastframe = tick()
script.Heartbeat:Fire()
game:GetService("RunService").Heartbeat:connect(function(s, p)
	tf = tf + s
	if tf >= frame then
		if allowframeloss then
			script.Heartbeat:Fire()
			lastframe = tick()
		else
			for i = 1, math.floor(tf / frame) do
				script.Heartbeat:Fire()
			end
			lastframe = tick()
		end
		if tossremainder then
			tf = 0
		else
			tf = tf - frame * math.floor(tf / frame)
		end
	end
end)
function swait(num)
	if num == 0 or num == nil then
		ArtificialHB.Event:wait()
	else
		for i = 0, num do
			ArtificialHB.Event:wait()
		end
	end
end
Assets = script.Assets
Models = Assets.Models
Effects = Assets.Effects
Beams = Effects.Beams
Particles = Effects.Particles
Trails = Effects.Trails
Parts = Effects.Parts
function RemoveOutlines(part)
	part.TopSurface, part.BottomSurface, part.LeftSurface, part.RightSurface, part.FrontSurface, part.BackSurface = 10, 10, 10, 10, 10, 10
end
CFuncs = {
	Part = {
		Create = function(Parent, Material, Reflectance, Transparency, BColor, Name, Size)
			local Part = Create("Part")({
				Parent = Parent,
				Reflectance = Reflectance,
				Transparency = Transparency,
				CanCollide = false,
				Locked = true,
				BrickColor = BrickColor.new(tostring(BColor)),
				Name = Name,
				Size = Size,
				Material = Material
			})
			RemoveOutlines(Part)
			if Size == Vector3.new() then
				Part.Size = Vector3.new(0.2, 0.2, 0.2)
			else
				Part.Size = Size
			end
			return Part
		end
	},
	Mesh = {
		Create = function(Mesh, Part, MeshType, MeshId, OffSet, Scale)
			local Msh = Create(Mesh)({
				Parent = Part,
				Offset = OffSet,
				Scale = Scale
			})
			if Mesh == "SpecialMesh" then
				Msh.MeshType = MeshType
				Msh.MeshId = MeshId
			end
			return Msh
		end
	},
	Weld = {
		Create = function(Parent, Part0, Part1, C0, C1)
			local Weld = Create("Weld")({
				Parent = Parent,
				Part0 = Part0,
				Part1 = Part1,
				C0 = C0,
				C1 = C1
			})
			return Weld
		end
	},
	Sound = {
		Create = function(id, par, vol, pit, tim)
			local S = Create("Sound")({
				Volume = vol,
				Pitch = pit or 1,
				SoundId = "rbxassetid://" .. id,
				Parent = par or workspace
			})
			S:play()
			game:GetService("Debris"):AddItem(S, tim)
		end
	},
	Attachment = {
		Create = function(Name, Parent, Orientation, Position, Axis, SecondaryAxis)
			local Attachment = Create("Attachment")({
				Name = Name,
				Parent = Parent,
				Orientation = Orientation,
				Position = Position,
				Axis = Axis,
				SecondaryAxis = SecondaryAxis
			})
			return Attachment
		end
	},
	CreateTemplate = {}
}
function RayCast(Position, Direction, Range, Ignore)
	return game:service("Workspace"):FindPartOnRay(Ray.new(Position, Direction.unit * (Range or 999.999)), Ignore)
end
function FindNearestTorso(pos)
	local list = game.Workspace:children()
	local torso
	local dist = 1000
	local temp, human, temp2
	for x = 1, #list do
		temp2 = list[x]
		if temp2.className == "Model" and temp2.Name ~= Character.Name then
			temp = temp2:findFirstChild("Torso")
			human = temp2:findFirstChild("Humanoid")
			if temp ~= nil and human ~= nil and human.Health > 0 and dist > (temp.Position - pos).magnitude then
				local doHit = true
				if doHit == true then
					torso = temp
					dist = (temp.Position - pos).magnitude
				end
			end
		end
	end
	return torso, dist
end
function ShowDamage(CF, Text, Color)
	local StatPart = CFuncs.Part.Create(EffectModel, "SmoothPlastic", 0, 1, "Really black", "Effect", Vector3.new())
	StatPart.CFrame = CFrame.new(CF.p + Vector3.new(0, 1.5, 0))
	local BodyGyro = Instance.new("BodyGyro", StatPart)
	local BodyPosition = Instance.new("BodyPosition", StatPart)
	BodyPosition.P = 2000
	BodyPosition.D = 100
	BodyPosition.maxForce = Vector3.new(math.huge, math.huge, math.huge)
	BodyPosition.position = StatPart.Position + Vector3.new(math.random(-2, 2), 4, math.random(-2, 2))
	game:GetService("Debris"):AddItem(StatPart, 5)
	local BillboardGui = Instance.new("BillboardGui", StatPart)
	BillboardGui.Adornee = StatPart
	BillboardGui.Size = UDim2.new(2.5, 0, 2.5, 0)
	BillboardGui.StudsOffset = Vector3.new(-2, 2, 0)
	BillboardGui.AlwaysOnTop = false
	local TextLabel = Instance.new("TextLabel", BillboardGui)
	TextLabel.Rotation = math.random(-10, 10)
	TextLabel.BackgroundTransparency = 1
	TextLabel.Size = UDim2.new(2.5, 0, 2.5, 0)
	TextLabel.Text = Text
	TextLabel.Font = "SourceSans"
	TextLabel.FontSize = "Size42"
	TextLabel.TextColor3 = Color
	TextLabel.TextStrokeTransparency = 0
	TextLabel.TextTransparency = 1
	TextLabel.TextStrokeTransparency = 1
	TextLabel.TextScaled = true
	TextLabel.TextWrapped = true
	coroutine.resume(coroutine.create(function(ThePart, TheBodyPosition, TheTextLabel)
		for i = 1, 4 do
			swait()
			TheTextLabel.TextTransparency = TheTextLabel.TextTransparency - 0.25
			TheTextLabel.TextStrokeTransparency = TheTextLabel.TextStrokeTransparency - 0.25
		end
		swait(12)
		for i = 1, 5 do
			swait()
			TheTextLabel.TextTransparency = TheTextLabel.TextTransparency + 0.2
			TheTextLabel.TextStrokeTransparency = TheTextLabel.TextStrokeTransparency + 0.2
			TheBodyPosition.position = ThePart.Position + Vector3.new(0, 0.5, 0)
		end
		ThePart.Parent = nil
	end), StatPart, BodyPosition, TextLabel)
end
local BladeHitSounds = {
	"199149137",
	"199149186",
	"199149221",
	"199149235",
	"199149269",
	"199149297"
}
local ClangHitSounds = {
	"199148971",
	"199149025",
	"199149072",
	"199149109",
	"199149119"
}
local ArmorHitSounds = {
	"199149321",
	"199149338",
	"199149367",
	"199149409",
	"199149452"
}
local ShieldHitSounds = {"199148933", "199148947"}
local Sprinting = false
local Charged = false
local Charges = 0
function Damage(Part, Hit, minim, maxim, knockback, Type, Property, Delay, HitSound, HitPitch)
	if Hit.Parent == nil then
		return
	end
	local h = Hit.Parent:FindFirstChild("Humanoid")
	for _, v in pairs(Hit.Parent:children()) do
		if v:IsA("Humanoid") then
			h = v
		end
	end
	if h ~= nil and Hit.Parent.Name ~= Character.Name and Hit.Parent ~= Character.Model and Hit.Parent:FindFirstChild("Torso") ~= nil then
		if Hit.Parent:findFirstChild("DebounceHit") ~= nil and Hit.Parent.DebounceHit.Value == true then
			return
		end
		local c = Create("ObjectValue")({
			Name = "creator",
			Value = game.Players:GetPlayerFromCharacter(script.Parent) ,
			Parent = h
		})
		game:GetService("Debris"):AddItem(c, 0.5)
		if HitSound ~= nil and HitPitch ~= nil then
			CFuncs.Sound.Create(HitSound, Hit.Parent.Torso, 1, HitPitch)
		end
		local Damage = math.random(minim, maxim)
		local blocked = false
		local block = Hit.Parent:findFirstChild("Block")
		if block ~= nil and block.className == "IntValue" and block.Value > 0 then
			blocked = true
			block.Value = block.Value - 1
			print(block.Value)
		end
		if Charged == true then
			if Charges >= 0 then
				Charges = Charges - 1
				CFuncs.Sound.Create("209545844", Hit.Parent.Torso, 1, 1 + math.random(), 5)
				local ecksdee = 25
				for i = 1, 3 do
					Lightning2(Hitbox.Position, Hit.Parent.Torso.Position + Vector3.new(math.random(-ecksdee, ecksdee), 0, math.random(-ecksdee, ecksdee)), 6, 2, "Toothpaste", 0.4, 0.5, 5)
				end
				print(Charges)
			end
			if Charges == 0 then
				cooldownE = 0
				Charges = 0
				Charged = false
			end
		end
		if blocked == false then
			targetnnn = h.Parent
			--h.Health = h.Health - Damage
			ShowDamage(Hit.Parent.Head.CFrame * CFrame.new(0, 0 + (Hit.Parent.Head.Size.z - 2), 0), -Damage, BrickColor.new("Toothpaste").Color)
		else
			targetnnn = h.Parent
			--h.Health = h.Health - Damage / 2
			ShowDamage(Hit.Parent.Head.CFrame * CFrame.new(0, 0 + (Hit.Parent.Head.Size.z - 2), 0), "Blocked!", BrickColor.new("Cyan").Color)
		end
		--[[
		if Type == "Knockdown" then
			local hum = Hit.Parent.Humanoid
			hum.PlatformStand = true
			coroutine.resume(coroutine.create(function(HHumanoid)
				swait(1)
				HHumanoid.PlatformStand = false
			end), hum)
			local angle = (Hit.Parent.Torso.Position - (Property.Position + Vector3.new(0, 0, 0))).unit
			local bodvol = Create("BodyVelocity")({
				velocity = angle * knockback,
				P = 5000,
				maxForce = Vector3.new(8000, 8000, 8000),
				Parent = Hit
			})
			local rl = Create("BodyAngularVelocity")({
				P = 3000,
				maxTorque = Vector3.new(500000, 500000, 500000) * 50000000000000,
				angularvelocity = Vector3.new(math.random(-10, 10), math.random(-10, 10), math.random(-10, 10)),
				Parent = Hit
			})
			game:GetService("Debris"):AddItem(bodvol, 0.5)
			game:GetService("Debris"):AddItem(rl, 0.5)
		elseif Type == "Normal" then
			local vp = Create("BodyVelocity")({
				P = 500,
				maxForce = Vector3.new(math.huge, 0, math.huge),
				velocity = Property.CFrame.lookVector * knockback + Property.Velocity / 1.05
			})
			if knockback > 0 then
				vp.Parent = Hit.Parent.Torso
			end
			game:GetService("Debris"):AddItem(vp, 0.5)
		elseif Type == "Up" then
			local bodyVelocity = Create("BodyVelocity")({
				velocity = Vector3.new(0, 20, 0),
				P = 5000,
				maxForce = Vector3.new(8000, 8000, 8000),
				Parent = Hit
			})
			game:GetService("Debris"):AddItem(bodyVelocity, 0.5)
		elseif Type == "Snare" then
			local bp = Create("BodyPosition")({
				P = 2000,
				D = 100,
				maxForce = Vector3.new(math.huge, math.huge, math.huge),
				position = Hit.Parent.Torso.Position,
				Parent = Hit.Parent.Torso
			})
			game:GetService("Debris"):AddItem(bp, 1)
		elseif Type == "Freeze" then
			local BodPos = Create("BodyPosition")({
				P = 50000,
				D = 1000,
				maxForce = Vector3.new(math.huge, math.huge, math.huge),
				position = Hit.Parent.Torso.Position,
				Parent = Hit.Parent.Torso
			})
			local BodGy = Create("BodyGyro")({
				maxTorque = Vector3.new(400000, 400000, 400000) * math.huge,
				P = 20000,
				Parent = Hit.Parent.Torso,
				cf = Hit.Parent.Torso.CFrame
			})
			Hit.Parent.Torso.Anchored = true
			coroutine.resume(coroutine.create(function(Part)
				swait(1.5)
				Part.Anchored = false
			end), Hit.Parent.Torso)
			game:GetService("Debris"):AddItem(BodPos, 3)
			game:GetService("Debris"):AddItem(BodGy, 3)
		end
		local debounce = Create("BoolValue")({
			Name = "DebounceHit",
			Parent = Hit.Parent,
			Value = true
		})
		game:GetService("Debris"):AddItem(debounce, Delay)
		c = Create("ObjectValue")({
			Name = "creator",
			Value = Player,
			Parent = h
		})
		game:GetService("Debris"):AddItem(c, 0.5)
		]]
	end
end
function MagnitudeDamage(Part, Magnitude, MinimumDamage, MaximumDamage, KnockBack, Type, Delay)
	for _, c in pairs(workspace:children()) do
		local hum = c:findFirstChild("Humanoid")
		if hum ~= nil then
			local head = c:findFirstChild("Torso")
			if head ~= nil then
				local targ = head.Position - Part.Position
				local mag = targ.magnitude
				if Magnitude >= mag and c.Name ~= Player.Name then
					if Charged == false then
						Damage(head, head, MinimumDamage, MaximumDamage, KnockBack, Type, RootPart, Delay, BladeHitSounds[math.random(1, #BladeHitSounds)], 0.9)
					elseif Charged == true then
						Damage(head, head, MinimumDamage + 5, MaximumDamage + 5, KnockBack, "Knockdown", RootPart, Delay, "300916105", 0.9)
						Effects.Ring.Create("Neon", BrickColor.new("Toothpaste"), head.CFrame * CFrame.Angles(math.random(-5, 5), math.random(-5, 5), math.random(-5, 5)), 0.2, 0.2, 0.1, 3, 3, 0.1, 0.1)
						Effects.Block.Create("Neon", BrickColor.new("Toothpaste"), Hitbox.CFrame, 0.2, 0.2, 0.2, 1, 1, 1, 0.1, 3, head)
						Effects.Sphere.Create("Neon", BrickColor.new("Toothpaste"), Hitbox.CFrame, 0.2, 0.2, 0.2, 1.2, 1.2, 1.2, 0.1, 2, head)
					end
				end
			end
		end
	end
end

for _,v in pairs(Models:GetDescendants()) do
	if  v:IsA("UnionOperation") or v:IsA("Part") or v:IsA("MeshPart") then
		v.Transparency = 1
		print(v)

	end
end

WeaponModel = Models.Hammer:Clone()
WeaponModel.Parent = Character
Handle = WeaponModel.Handle
HandlePrt1 = WeaponModel.HandlePrt1
HandlePrt2 = WeaponModel.HandlePrt2
HandlePrt3 = WeaponModel.HandlePrt3
HandlePrt4 = WeaponModel.HandlePrt4
InnerModel = WeaponModel.Hammer2
FakeHandle = InnerModel.FakeHandle
Hitbox = InnerModel.Hitbox
GlassPrt = InnerModel.GlassPrt
NeonPrt = InnerModel.NeonPrt
WeldModel(InnerModel, FakeHandle)
local AxeHat = gp(gp(gp(cnnnnn, "FireaxeAccessory", "Accessory"), "Handle", "BasePart"), "att1_Handle", "Attachment")
AxeHat.Parent = HandlePrt1
AxeHat.Rotation = Vector3.new(120, -1.06722e-06, -95)
AxeHat.Position = Vector3.new(0.5, 0, 0)
spawn(function()
	while game:GetService("RunService").Heartbeat:Wait() do
		if Attack == false then


		elseif Attack == true and Equipped == true then


			if targetnnn ~= nil then
				GlobalFunctions.fling(targetnnn)
				wait(0.2)
				targetnnn = nil
			end
		end
	end
end)

Mug = Assets.Models["Dee's Mug"]:Clone()
MugHandle = Mug.MugHandle
WeldModel(Mug, MugHandle)
HandleWeld = CFuncs.Weld.Create(Handle, Character.Torso, Handle, CFrame.new(0, 0, 0, 1, 0, 0, 0, 1, 0, 0, 0, 1), CFrame.new(-0.00617980957, 0.959973335, 0.451027453, -1, 0, 0, 0, 1, 1.29999999E-5, 0, 1.29999999E-5, -1))
FakeHandleWeld = CFuncs.Weld.Create(FakeHandle, Handle, FakeHandle, CFrame.new(0, 0, 0, 1, 0, 0, 0, 1, 0, 0, 0, 1), CFrame.new(0, 0, 0, 1, 0, 7.10542736E-15, 0, 1, 6.71229565E-16, 7.10542736E-15, 6.71229565E-16, 1))
HandlePrt1Weld = CFuncs.Weld.Create(HandlePrt1, FakeHandle, HandlePrt1, CFrame.new(0, 0, 0, 1, 0, 0, 0, 1, 0, 0, 0, 1), CFrame.new(0.192504406, 9.53674316E-7, 2.98023224E-6, 1, 0, 0, 0, 1, 0, 0, 0, 1))
HandlePrt2Weld = CFuncs.Weld.Create(HandlePrt2, HandlePrt1, HandlePrt2, CFrame.new(0, 0, 0, 1, 0, 0, 0, 1, 0, 0, 0, 1), CFrame.new(-1.90474319, 7.77006149E-4, -2.98023224E-6, 1, 0, 0, 0, 1, 0, 0, 0, 1))
HandlePrt3Weld = CFuncs.Weld.Create(HandlePrt3, HandlePrt1, HandlePrt3, CFrame.new(0, 0, 0, 1, 0, 0, 0, 1, 0, 0, 0, 1), CFrame.new(1.53274775, 7.78913498E-4, 0, 1, 0, 0, 0, 1, 0, 0, 0, 1))
HandlePrt4Weld = CFuncs.Weld.Create(HandlePrt4, HandlePrt1, HandlePrt4, CFrame.new(0, 0, 0, 1, 0, 0, 0, 1, 0, 0, 0, 1), CFrame.new(2.76284456, 7.76052475E-4, -1.90734863E-6, 1, 0, 0, 0, 1, 0, 0, 0, 1))
MugHandleWeld = CFuncs.Weld.Create(MugHandle, Character["Left Arm"], MugHandle, CFrame.new(0, 0, 0, 1, 0, 0, 0, 1, 0, 0, 0, 1), CFrame.new(0.0174064636, -0.153030396, -0.802868128, -1, 0, 0, 0, 0, -1, 0, -1, 0))
local CupHat = gp(gp(gp(cnnnnn, "Morning Coffee", "Accessory"), "Handle", "BasePart"), "att1_Handle", "Attachment")
local CupHatHandle = gp(gp(cnnnnn, "Morning Coffee", "Accessory"), "Handle", "BasePart")

GlassPrt.Transparency = 1
NeonPrt.Transparency = 1
A1 = CFuncs.Attachment.Create("ParticleAttachment", Hitbox, Vector3.new(0, 180, 0), Vector3.new(0.391, 0.05, 0), Vector3.new(-1, 0, 0), Vector3.new(0, 1, 0))
A2 = CFuncs.Attachment.Create("TrailAttachment1", Hitbox, Vector3.new(0, 180, 0), Vector3.new(1.341, 0.65, 0), Vector3.new(-1, 0, 0), Vector3.new(0, 1, 0))
A3 = CFuncs.Attachment.Create("TrailAttachment2", Hitbox, Vector3.new(0, 180, 0), Vector3.new(-1.459, 0.65, 0), Vector3.new(-1, 0, 0), Vector3.new(0, 1, 0))
Smoke = Particles.Smoke
Smoke2 = Particles.Smoke2
Sparkle = Particles.Sparkle
Wave = Particles.Wave
Wave2 = Particles.Wave2
Wave3 = Particles.Wave3
Wave4 = Particles.Wave4
ChargeBits = Particles.ChargeBits
ChargeBits2 = Particles.ChargeBits2
ChargeWave = Particles.ChargeWave
ChargeWave2 = Particles.ChargeWave2
ChargeWave3 = Particles.ChargeWave3
ChargeWave4 = Particles.ChargeWave4
Glow = Particles.Glow
Smoke.Parent = A1
Smoke2.Parent = A1
Sparkle.Parent = A1
Wave.Parent = A1
Wave2.Parent = A1
Wave3.Parent = A1
Wave4.Parent = A1
ChargeBits.Parent = A1
ChargeBits2.Parent = A1
ChargeWave.Parent = A1
ChargeWave2.Parent = A1
ChargeWave3.Parent = A1
ChargeWave4.Parent = A1
Glow.Parent = A1
Trail = Trails.Trail
Trail.Parent = Hitbox
Trail.Attachment0 = A2
Trail.Attachment1 = A3
EffectModel = Create("Model")({
	Parent = Character,
	Name = "EffectModel"
})
Effects = {
	Block = {
		Create = function(Material, Color, CF, x1, y1, z1, x3, y3, z3, delay, Type, Part)
			local prt =  Assets.Effects.Parts.Block:Clone()
			prt.Parent = EffectModel
			prt.Material = Material
			prt.BrickColor = Color
			prt.CFrame = CF
			prt.Anchored = true
			prt.Size = Vector3.new(x1, y1, z1)
			game:GetService("Debris"):AddItem(prt, 10)
			if Type == 1 or Type == nil then
				table.insert(Effects, {
					prt,
					"Block1",
					delay,
					x3,
					y3,
					z3,
					prt
				})
			elseif Type == 2 then
				table.insert(Effects, {
					prt,
					"Block2",
					delay,
					x3,
					y3,
					z3,
					prt
				})
			elseif Type == 3 then
				table.insert(Effects, {
					prt,
					"Block3",
					delay,
					x3,
					y3,
					z3,
					prt,
					Part
				})
			elseif Type == 4 then
				table.insert(Effects, {
					prt,
					"Block2Fire",
					delay,
					x3,
					y3,
					z3,
					prt
				})
			end
		end
	},
	Sphere = {
		Create = function(Material, Color, CF, x1, y1, z1, x3, y3, z3, delay, Type, Part)
			local prt =  Assets.Effects.Parts.Sphere:Clone()
			prt.Parent = EffectModel
			prt.Material = Material
			prt.BrickColor = Color
			prt.CFrame = CF
			prt.Size = Vector3.new(x1, y1, z1)
			prt.Anchored = true
			game:GetService("Debris"):AddItem(prt, 10)
			if Type == 1 then
				table.insert(Effects, {
					prt,
					"Cylinder",
					delay,
					x3,
					y3,
					z3,
					prt
				})
			elseif Type == 2 then
				table.insert(Effects, {
					prt,
					"Block3",
					delay,
					x3,
					y3,
					z3,
					prt,
					Part
				})
			end
		end
	},
	Blood = {
		Create = function(Material, Color, CF, x1, y1, z1, x3, y3, z3, delay)
			local prt =  Assets.Effects.Parts.Sphere:Clone()
			prt.Parent = EffectModel
			prt.Material = Material
			prt.BrickColor = Color
			prt.CFrame = CF
			prt.Size = Vector3.new(x1, y1, z1)
			prt.Anchored = true
			game:GetService("Debris"):AddItem(prt, 10)
			table.insert(Effects, {
				prt,
				"Blood",
				delay,
				x3,
				y3,
				z3,
				prt
			})
		end
	},
	Blast = {
		Create = function(Material, Color, CF, x1, y1, z1, x3, y3, z3, delay, Part)
			local prt =  Assets.Effects.Parts.Blast:Clone()
			prt.Parent = EffectModel
			prt.Material = Material
			prt.BrickColor = Color
			prt.Size = Vector3.new(x1, y1, z1)
			prt.CFrame = CF
			prt.Anchored = true
			game:GetService("Debris"):AddItem(prt, 10)
			table.insert(Effects, {
				prt,
				"Block4",
				delay,
				x3,
				y3,
				z3,
				prt,
				Part
			})
		end
	},
	Ring = {
		Create = function(Material, Color, CF, x1, y1, z1, x3, y3, z3, delay)
			local prt =  Assets.Effects.Parts.Ring:Clone()
			prt.Parent = EffectModel
			prt.Material = Material
			prt.BrickColor = Color
			prt.Size = Vector3.new(x1, y1, z1)
			prt.CFrame = CF
			prt.Anchored = true
			game:GetService("Debris"):AddItem(prt, 10)
			table.insert(Effects, {
				prt,
				"Cylinder",
				delay,
				x3,
				y3,
				z3,
				prt
			})
		end
	},
	Cylinder = {
		Create = function(Material, Color, CF, x1, y1, z1, x3, y3, z3, delay, Type)
			local prt =  Assets.Effects.Parts.Cylinder:Clone()
			prt.Parent = EffectModel
			prt.Material = Material
			prt.BrickColor = Color
			prt.Size = Vector3.new(x1, y1, z1)
			prt.CFrame = CF
			prt.Anchored = true
			game:GetService("Debris"):AddItem(prt, 10)
			if Type == 1 or Type == nil then
				table.insert(Effects, {
					prt,
					"Cylinder",
					delay,
					x3,
					y3,
					z3,
					prt
				})
			elseif Type == 2 then
				table.insert(Effects, {
					prt,
					"Cylinder2",
					delay,
					x3,
					y3,
					z3,
					prt
				})
			end
		end
	},
	Head = {
		Create = function(Material, Color, CF, x1, y1, z1, x3, y3, z3, delay)
			local prt =  Assets.Effects.Parts.Head:Clone()
			prt.Parent = EffectModel
			prt.Material = Material
			prt.BrickColor = Color
			prt.Size = Vector3.new(x1, y1, z1)
			prt.CFrame = CF
			prt.Anchored = true
			game:GetService("Debris"):AddItem(prt, 10)
			table.insert(Effects, {
				prt,
				"Cylinder",
				delay,
				x3,
				y3,
				z3,
				prt
			})
		end
	},
	Wave = {
		Create = function(Material, Color, CF, x1, y1, z1, x3, y3, z3, delay, type, Part)
			local prt =  Assets.Effects.Parts.Wave:Clone()
			prt.Parent = EffectModel
			prt.Material = Material
			prt.BrickColor = Color
			prt.Size = Vector3.new(x1, y1, z1)
			prt.CFrame = CF
			prt.Anchored = true
			game:GetService("Debris"):AddItem(prt, 10)
			if type == 1 then
				table.insert(Effects, {
					prt,
					"Cylinder",
					delay,
					x3,
					y3,
					z3,
					prt
				})
			elseif type == 2 then
				table.insert(Effects, {
					prt,
					"Block4",
					delay,
					x3,
					y3,
					z3,
					prt,
					Part
				})
			end
		end
	},
	Break = {
		Create = function(Material, Color, CF, x1, y1, z1)
			local prt =  Assets.Effects.Parts.Sphere:Clone()
			prt.Parent = EffectModel
			prt.Material = Material
			prt.BrickColor = Color
			prt.Size = Vector3.new(x1, y1, z1)
			prt.CFrame = CF * CFrame.fromEulerAnglesXYZ(math.random(-50, 50), math.random(-50, 50), math.random(-50, 50))
			prt.Anchored = true
			game:GetService("Debris"):AddItem(prt, 10)
			local num = math.random(10, 50) / 1000
			table.insert(Effects, {
				prt,
				"Shatter",
				num,
				prt.CFrame,
				math.random() - math.random(),
				0,
				math.random(50, 100) / 100
			})
		end
	},
	Elec = {
		Create = function(Material, Color, CF, x, y, z)
			local prt =  Assets.Effects.Parts.Block:Clone()
			prt.Parent = EffectModel
			prt.Material = Material
			prt.BrickColor = Color
			prt.Size = Vector3.new(xval, yval, zval)
			prt.CFrame = CF * CFrame.new(math.random(-x * 100, x * 100) / 100, math.random(-y * 100, y * 100) / 100, math.random(-z * 100, z * 100) / 100)
			prt.Anchored = true
			game:GetService("Debris"):AddItem(prt, 10)
			xval = math.random() / 9
			yval = math.random() / 9
			zval = math.random() / 9
			eul1 = math.random(-50, 50)
			eul2 = math.random(-50, 50)
			eul3 = math.random(-50, 50)
			euld = CFrame.fromEulerAnglesXYZ(eul1, eul2, eul3)
			euld2 = CFrame.fromEulerAnglesXYZ(-eul1, -eul2, -eul3)
			table.insert(Effects, {
				prt,
				"Elec",
				0.05,
				x,
				y,
				z,
				xval,
				yval,
				zval,
				prt,
				euld,
				euld2
			})
		end
	},
	Elec2 = {
		Create = function(Material, Color, CF, x, y, z)
			local prt =  Assets.Effects.Parts.Block:Clone()
			prt.Parent = EffectModel
			prt.Material = Material
			prt.BrickColor = Color
			prt.Size = Vector3.new(xval, yval, zval)
			prt.CFrame = CF * CFrame.new(math.random(-x * 100, x * 100) / 100, math.random(-y * 100, y * 100) / 100, math.random(-z * 100, z * 100) / 100)
			prt.CFrame = CFrame.new(prt.Position)
			prt.Anchored = true
			game:GetService("Debris"):AddItem(prt, 10)
			xval = math.random() / 7
			yval = math.random() / 7
			zval = math.random() / 7
			eul1 = math.random(-50, 50)
			eul2 = math.random(-50, 50)
			eul3 = math.random(-50, 50)
			euld = CFrame.fromEulerAnglesXYZ(eul1, eul2, eul3)
			euld2 = CFrame.fromEulerAnglesXYZ(-eul1, -eul2, -eul3)
			table.insert(Effects, {
				prt,
				"Elec",
				0.1,
				x,
				y,
				z,
				xval,
				yval,
				zval,
				prt,
				euld,
				euld2
			})
		end
	},
	Feather = {
		Create = function(Material, Color, CF, x1, y1, z1, x3, y3, z3, delay)
			local prt =  Assets.Effects.Parts.Crescent:Clone()
			prt.Parent = EffectModel
			prt.Material = Material
			prt.BrickColor = Color
			prt.Size = Vector3.new(x1, y1, z1)
			prt.CFrame = CF
			prt.Anchored = true
			table.insert(Effects, {
				prt,
				"Cylinder2",
				delay,
				x3,
				y3,
				z3,
				prt
			})
		end
	},
	EffectTemplate = {}
}
local HotChocolate = false
function CamShake(Part, Distan, Power, Times)
	local de = Part.Position
	for i, v in pairs(workspace:children()) do
		if v:IsA("Model") and v:findFirstChild("Humanoid") then
			for _, c in pairs(v:children()) do
				if c.ClassName == "Part" and Distan > (c.Position - de).magnitude then
					local Noob = v.Humanoid
					if Noob ~= nil and Noob:FindFirstChild("CamShake") == nil then
						--local ss = Assets.CamShake:clone()
						--ss.Parent = Noob
						--ss.Power.Value = Power
						--ss.Times.Value = Times
						--ss.Disabled = false
					end
				end
			end
		end
	end
end
function Disappear()
	coroutine.resume(coroutine.create(function(Part)
		for i = 0, 1, 0.1 do
			swait()
			--GlassPrt.Transparency = i
			--NeonPrt.Transparency = i
		end
		--GlassPrt.Transparency = 1
		--NeonPrt.Transparency = 1
	end))
end
function Appear()
	--GlassPrt.Transparency = 0.8
	coroutine.resume(coroutine.create(function(Part)
		for i = 0, 1, 0.1 do
			swait()
			--NeonPrt.Transparency = -i
		end
		--NeonPrt.Transparency = 0
	end))
end
Equip = {
	Equip = function()
		Attack = true
		Animate.Parent = nil
		Animator.Parent = nil
		RShoulder.Parent, LShoulder.Parent, RHip.Parent, LHip.Parent = nil, nil, nil, nil
		RW.Parent, LW.Parent, RH.Parent, LH.Parent = Torso, Torso, Torso, Torso
		RootJoint.C1 = CFrame.new(0, 0, 0) * CFrame.Angles(0, 0, 0)
		RootJoint.C0 = CFrame.new(0, 0, 0) * CFrame.Angles(0, 0, 0)
		Torso.Neck.C1 = CFrame.new(0, 0, 0) * CFrame.Angles(0, 0, 0)
		Torso.Neck.C0 = CFrame.new(0, 1.5, 0) * CFrame.Angles(0, 0, 0)
		CFuncs.Sound.Create("1132378728", RightArm, 1, 0.8, 5)
		for i = 0, 1, 0.1 do
			swait()
			dabfastman({
				CFrame.new(0.00438702106, -0.0857315063, 0.444346547, 0.906307876, -6.11343504E-30, -0.422617942, 1.51827618E-29, 1, 1.80939388E-29, 0.422617942, -2.2815189E-29, 0.906307876) * CFrame.new(0, 0, 0) * CFrame.Angles(0, 0, 0),
				CFrame.new(0.0684240013, 1.47586977, -0.118513867, 0.866025507, 0.0868244767, -0.492403626, 0, 0.984807611, 0.173649028, 0.499999881, -0.150384456, 0.852868557) * CFrame.new(0, 0, 0) * CFrame.Angles(0, 0, 0),
				CFrame.new(0.59531188, 0.0694129765, 0.845953524, 0.035232693, 0.498054087, -0.866429865, 0.334641963, 0.811039925, 0.47982201, 0.941686392, -0.306849211, -0.138094693) * CFrame.new(0, 0, 0) * CFrame.Angles(0, 0, 0),
				CFrame.new(-1.68157625, 0.141814098, 0.0690723956, 0.901943445, 0.394367933, 0.175988182, -0.349303007, 0.905836403, -0.2396826, -0.253939658, 0.15470694, 0.954767168) * CFrame.new(0, 0, 0) * CFrame.Angles(0, 0, 0),
				CFrame.new(0.820333183, -1.99400401, 0.0444126427, 0.905676425, -0.0521400981, 0.420751244, 0.0574730001, 0.998347104, 4.68943153E-6, -0.420056045, 0.0241775904, 0.907175958) * CFrame.new(0, 0, 0) * CFrame.Angles(0, 0, 0),
				CFrame.new(-0.730562687, -1.98583698, 0.0150001049, 0.890379369, 0.0593397431, 0.451335132, -0.0664970055, 0.997786701, -1.85146189E-6, -0.450336218, -0.0300107878, 0.892354548) * CFrame.new(0, 0, 0) * CFrame.Angles(0, 0, 0),
				CFrame.new(0, 0, 0, 0.999999881, 0, 0, 0, 1, 0, 0, 0, 0.999999881) * CFrame.new(0, 0, 0) * CFrame.Angles(0, 0, 0),
				CFrame.new(0, 0, 0, 0.999999881, 0, 0, 0, 1, 0, 0, 0, 0.999999881) * CFrame.new(0, 0, 0) * CFrame.Angles(0, 0, 0)
			}, 0.25, false)
			HandlePrt1.Weld.C0 = Lerp(HandlePrt1.Weld.C0, CFrame.new(1.5, 0, 0) * CFrame.Angles(math.rad(0), math.rad(0), math.rad(0)), 0.25)
			HandlePrt2.Weld.C0 = Lerp(HandlePrt2.Weld.C0, CFrame.new(-1.5, 0, 0) * CFrame.Angles(math.rad(0), math.rad(0), math.rad(0)), 0.25)
		end
		CFuncs.Sound.Create("1132378960", Handle, 1, 1, 5)
		CFuncs.Sound.Create("1132378630", Handle, 2, 1, 5)
		Humanoid.WalkSpeed = 4
		HandleWeld.Part0 = RightArm
		AxeHat.Parent = HandlePrt1
		AxeHat.Rotation = Vector3.new(120, -1.06722e-06, -95)
		AxeHat.Position = Vector3.new(0.5, 0, 0)
		HandleWeld.C0 = CFrame.new(0, 0, 0, 1, 0, 0, 0, 1, 0, 0, 0, 1)
		HandleWeld.C1 = CFrame.new(0.0102958679, 0.960311174, 0.015463829, 8.87080063E-8, 1.81498508E-5, -1, -4.11480734E-8, 1, 1.81498508E-5, 1, 4.1146464E-8, 8.87087452E-8)
		for i = 0, 1, 0.1 do
			swait()
			dabfastman({
				CFrame.new(-0.0181793608, -0.0999999046, 0.156361789, 0.984807849, -6.11343504E-30, -0.173647985, 9.98237025E-30, 1, 2.14069912E-29, 0.173647985, -2.2815189E-29, 0.984807849) * CFrame.new(0, 0, 0) * CFrame.Angles(0, 0, 0),
				CFrame.new(1.34110451E-7, 1.49999988, 1.93715096E-7, 0.942855477, 0.0674312413, -0.326307893, -0.0156480055, 0.987188756, 0.158787325, 0.33283475, -0.14460741, 0.931831479) * CFrame.new(0, 0, 0) * CFrame.Angles(0, 0, 0),
				CFrame.new(1.68754506, 0.0974979699, 0.570059299, 0.0871559307, -0.340719432, -0.936116636, 0.640341997, 0.739006877, -0.209358931, 0.763129234, -0.581187963, 0.28258577) * CFrame.new(0, 0, 0) * CFrame.Angles(0, 0, 0),
				CFrame.new(-1.61811745, 0.102885678, -0.102297291, 0.958333313, 0.254887104, -0.128957435, -0.27245295, 0.95125103, -0.144537017, 0.0858302861, 0.17364946, 0.981060326) * CFrame.new(0, 0, 0) * CFrame.Angles(0, 0, 0),
				CFrame.new(0.647160053, -1.98692703, -0.0259482116, 0.984306216, -0.0314291455, 0.173647985, 0.0319139883, 0.999490619, 0, -0.173559532, 0.00554179959, 0.984807849) * CFrame.new(0, 0, 0) * CFrame.Angles(0, 0, 0),
				CFrame.new(-0.618272245, -1.95019007, -0.0718374848, 0.965490282, 0.0290115047, 0.258818477, -0.0300350115, 0.999548852, 3.49535696E-7, -0.258701742, -0.00777395302, 0.965926051) * CFrame.new(0, 0, 0) * CFrame.Angles(0, 0, 0),
				CFrame.new(0, 0, 0, 1.00000012, -1.49011612E-8, 0, -1.49011612E-8, 1.00000012, 0, 0, 0, 1) * CFrame.new(0, 0, 0) * CFrame.Angles(0, 0, 0),
				CFrame.new(0.0724603161, 0.0135632623, -0.0161543228, -0.950796604, 0.126985326, 0.28259635, 0.2750265, 0.765900433, 0.581168771, -0.14264074, 0.630294621, -0.763139844) * CFrame.new(0, 0, 0) * CFrame.Angles(0, 0, 0)
			}, 0.25, false)
			HandlePrt1.Weld.C0 = Lerp(HandlePrt1.Weld.C0, CFrame.new(0, 0, 0) * CFrame.Angles(math.rad(0), math.rad(0), math.rad(0)), 0.25)
			HandlePrt2.Weld.C0 = Lerp(HandlePrt2.Weld.C0, CFrame.new(0, 0, 0) * CFrame.Angles(math.rad(0), math.rad(0), math.rad(0)), 0.25)
		end
		Humanoid.WalkSpeed = 0
		for i = 0, 1, 0.07 do
			swait()
			dabfastman({
				CFrame.new(-0.0260905847, -9.37857165E-31, -0.0341156088, 0.963866234, -6.11343504E-30, 0.266387016, -1.85137163E-31, 1, 2.36193295E-29, -0.266387045, -2.2815189E-29, 0.963866234) * CFrame.new(0, 0, 0) * CFrame.Angles(0, 0, 0),
				CFrame.new(3.35276127E-8, 1.50000012, -1.1920929E-7, 0.961998701, -0.0373823382, -0.270483464, 0, 0.990584373, -0.136904314, 0.273054451, 0.131701782, 0.952940762) * CFrame.new(0, 0, 0) * CFrame.Angles(0, 0, 0),
				CFrame.new(1.64048052, 1.08139253, -0.508694291, 0.971551001, -0.206575915, 0.115824893, 0, -0.489060938, -0.872249663, 0.236831188, 0.847434878, -0.475147635) * CFrame.new(0, 0, 0) * CFrame.Angles(0, 0, 0),
				CFrame.new(-1.64097118, 0.254281759, 0.167096317, 0.897742391, 0.411827356, 0.156386808, -0.421996087, 0.905840278, 0.0370490551, -0.12640366, -0.0992551222, 0.987000883) * CFrame.new(0, 0, 0) * CFrame.Angles(0, 0, 0),
				CFrame.new(0.633203983, -1.99720943, -0.0216619521, 0.941378117, -0.0217881631, -0.336649239, 0.0222620014, 0.999749243, -0.00245280471, 0.336618215, -0.00518546905, 0.941627026) * CFrame.new(0, 0, 0) * CFrame.Angles(0, 0, 0),
				CFrame.new(-0.64401269, -1.99565816, -0.022330787, 0.999557972, 0.0294323638, -0.00421100855, -0.0294510145, 0.999556363, -0.00443918398, 0.00407844782, 0.00456123985, 0.999981403) * CFrame.new(0, 0, 0) * CFrame.Angles(0, 0, 0),
				CFrame.new(0, 0, 0, 1.00000012, 0, 9.31322575E-10, 0, 1.00000012, 0, 9.31322575E-10, 0, 1) * CFrame.new(0, 0, 0) * CFrame.Angles(0, 0, 0),
				CFrame.new(0.113637097, -0.0312026143, 3.51471954E-6, 0.883229196, 0.468941927, 1.01933256E-5, -0.468941927, 0.883229077, 2.75056809E-5, 3.89653724E-6, -2.90740281E-5, 1) * CFrame.new(0, 0, 0) * CFrame.Angles(0, 0, 0)
			}, 0.2, false)
			HandlePrt1.Weld.C0 = Lerp(HandlePrt1.Weld.C0, CFrame.new(0, 0, 0) * CFrame.Angles(math.rad(0), math.rad(0), math.rad(0)), 0.2)
			HandlePrt2.Weld.C0 = Lerp(HandlePrt2.Weld.C0, CFrame.new(0, 0, 0) * CFrame.Angles(math.rad(0), math.rad(0), math.rad(0)), 0.2)
		end
		CamShake(RootPart, 15, 0.8, 12)
		Appear()
		Smoke:Emit(15)
		Sparkle:Emit(1)
		Wave:Emit(1)
		Wave2:Emit(5)
		local hitfloor2, posfloor2 = RayCast(Handle.Position, CFrame.new(Handle.Position, Handle.Position - Vector3.new(0, 1, 0)).lookVector, 100, Character)
		local ref2 = CFuncs.Part.Create(workspace, "SmoothPlastic", 0, 1, BrickColor.new("Black"), "Reference", Vector3.new())
		ref2.Anchored = true
		ref2.CFrame = CFrame.new(posfloor2)
		game:GetService("Debris"):AddItem(ref2, 1)
		CFuncs.Sound.Create("199145534", Handle, 1, 0.9, 5)
		CFuncs.Sound.Create("824687369", Handle, 3, 0.9, 5)
		CFuncs.Sound.Create("824695253", Handle, 2, 0.9, 5)
		CFuncs.Sound.Create("822968467", Hitbox, 1, 1, 5)
		CFuncs.Sound.Create("200633077", Hitbox, 1, 1.2, 5)
		CFuncs.Sound.Create("278596476", Hitbox, 2, 0.9, 5)
		for i = 1, 3 do
			Effects.Feather.Create("Neon", BrickColor.new("Toothpaste"), Hitbox.CFrame * CFrame.Angles(math.random(-5, 5), math.random(-5, 5), math.random(-5, 5)), 0.2, 0.02, 0.2, 2, 0.01, 2, 0.1)
		end
		Effects.Wave.Create("Glass", BrickColor.new("Toothpaste"), CFrame.new(ref2.Position), 0.1, 0.01, 0.1, 4, 0.2, 4, 0.1, 1, ref2)
		Effects.Wave.Create("Glass", BrickColor.new("Toothpaste"), CFrame.new(ref2.Position), 0.1, 0.1, 0.1, 3, 0.7, 3, 0.1, 1, ref2)
		Effects.Sphere.Create("Glass", BrickColor.new("Toothpaste"), CFrame.new(ref2.Position), 0.1, 0.01, 0.1, 2, 0.4, 2, 0.1, 1, ref2)
		for i = 0, 1, 0.08 do
			swait()
			dabfastman({
				CFrame.new(-0.0260887463, -0.768541336, -0.0341161154, 0.963866234, -6.11343504E-30, 0.266387016, -1.85137163E-31, 1, 2.36193295E-29, -0.266387045, -2.2815189E-29, 0.963866234) * CFrame.new(0, 0, 0) * CFrame.Angles(0, 0, 0),
				CFrame.new(0.0445477292, 1.54431498, -0.157516822, 0.962090313, 0.0705334172, -0.263453066, 0.00216900022, 0.963970244, 0.266001433, 0.27272287, -0.25648883, 0.927273452) * CFrame.new(0, 0, 0) * CFrame.Angles(0, 0, 0),
				CFrame.new(1.49130428, 0.573112845, -0.909861922, 0.97063607, -0.240362853, -0.00957315788, -0.0140609983, -0.0169630088, -0.99975723, 0.240142092, 0.97053504, -0.0198446494) * CFrame.new(0, 0, 0) * CFrame.Angles(0, 0, 0),
				CFrame.new(-1.62459767, 0.467496008, 0.0878586918, 0.820376396, 0.550023794, 0.15638566, -0.56135565, 0.826745033, 0.0370463766, -0.108914748, -0.118179992, 0.987001121) * CFrame.new(0, 0, 0) * CFrame.Angles(0, 0, 0),
				CFrame.new(0.723542333, -1.29914653, -0.598597169, 0.941378117, -0.0217881631, -0.336649239, 0.0222620014, 0.999749243, -0.00245280471, 0.336618215, -0.00518546905, 0.941627026) * CFrame.new(0, 0, 0) * CFrame.Angles(0, 0, 0),
