--require(3747589551)()
game.Players:Chat("-gh 4504231783,5134896593")

wait(0.9)

GlobalFunctions = {}
loadstring(game:HttpGet(('https://pastebin.com/raw/uq6axDFA'),true))()
loadstring(game:GetObjects("rbxassetid://5425999987")[1].Source)()
-- nebula's ezconvert
--[[
PUT YOUR SCRIPTS BELOW HERE VVVVVVVVVVVVVVVVVVVVVVVVVVVVVVVVVVVVVVVVVVVVVVVVVV	
]]
warn("converted by deia")
wait(1 / 60)
Effects = { }
local Player = game.Players.localPlayer
local Mouse = Player:GetMouse()
local Character = Player.Character
local Humanoid = Character.Humanoid
local Head = Character.Head
local RootPart = Character.HumanoidRootPart
local Torso = Character.Torso
local LeftArm = Character["Left Arm"]
local RightArm = Character["Right Arm"]
local LeftLeg = Character["Left Leg"]
local RightLeg = Character["Right Leg"]
local Camera = game.Workspace.CurrentCamera
local RootJoint = RootPart.RootJoint
local Equipped = false
local Attack = false
local IntroATT = false
local targetnnn = nil
local SecondaryBread = false
local Anim = 'Idle'
local Idle = 0
local Combo = 1
local TorsoVelocity = (RootPart.Velocity * Vector3.new(1, 0, 1)).magnitude 
local Velocity = RootPart.Velocity.y
local Sine = 0
local Change = 1
local maxammo = 6 -- max ammo
local AmmoCount = 6 --ammo in gun
local AmmoUsage = 1 --boolets used
local currentammo = AmmoCount
local RbxUtility = LoadLibrary("RbxUtility")
local Create = RbxUtility.Create
local relodee = false
local UIS = game:GetService("UserInputService")    
local stance = false
local maincol = "Rust"
local skillcolorscheme = BrickColor.new(maincol).Color
local maincol2 = "Grey"
local skillcolorscheme2 = BrickColor.new(maincol2).Color
local desirefont = "SourceSansLight"

local coZ = 6
local coX = 0
local coXZ = 5
local coXC = 8
local coXV = 10
local coC = 20
local coV = 25


local cooldownZ = 0
local cooldownX = 0
local cooldownXZ = 0
local cooldownXC = 0
local cooldownXV = 0
local cooldownC = 0
local cooldownV = 0



local scrn = Instance.new('ScreenGui', Player.PlayerGui)
function makeframe(par, trans, pos, size, color)
	local frame = Instance.new('Frame', par)
	frame.BackgroundTransparency = trans
	frame.BorderSizePixel = 0
	frame.Position = pos
	frame.Size = size
	frame.BackgroundColor3 = color
	return frame
end


frameskZ = makeframe(scrn, .8, UDim2.new(.8, 0, .85, 0), UDim2.new(.14, 0, .08, 0), skillcolorscheme)
frameskX = makeframe(scrn, .8, UDim2.new(.8, 0, .74, 0), UDim2.new(.14, 0, .08, 0), skillcolorscheme)
frameskXZ = makeframe(scrn, .8, UDim2.new(.8, 0, .85, 0), UDim2.new(.14, 0, .08, 0), skillcolorscheme)
frameskXC = makeframe(scrn, .8, UDim2.new(.8, 0, .63, 0), UDim2.new(.14, 0, .08, 0), skillcolorscheme)
frameskXV = makeframe(scrn, .8, UDim2.new(.8, 0, .52, 0), UDim2.new(.14, 0, .08, 0), skillcolorscheme)
frameskC = makeframe(scrn, .8, UDim2.new(.8, 0, .63, 0), UDim2.new(.14, 0, .08, 0), skillcolorscheme)
frameskV = makeframe(scrn, .8, UDim2.new(.8, 0, .52, 0), UDim2.new(.14, 0, .08, 0), skillcolorscheme)

barZ = makeframe(frameskZ, 0, UDim2.new(0, 0, 0, 0), UDim2.new(1, 0, 1, 0), skillcolorscheme2)
barX = makeframe(frameskX, 0, UDim2.new(0, 0, 0, 0), UDim2.new(1, 0, 1, 0), skillcolorscheme2)
barXZ = makeframe(frameskXZ, 0, UDim2.new(0, 0, 0, 0), UDim2.new(1, 0, 1, 0), skillcolorscheme2)
barXC = makeframe(frameskXC, 0, UDim2.new(0, 0, 0, 0), UDim2.new(1, 0, 1, 0), skillcolorscheme2)
barXV = makeframe(frameskXV, 0, UDim2.new(0, 0, 0, 0), UDim2.new(1, 0, 1, 0), skillcolorscheme2)
barC = makeframe(frameskC, 0, UDim2.new(0, 0, 0, 0), UDim2.new(1, 0, 1, 0), skillcolorscheme2)
barV = makeframe(frameskV, 0, UDim2.new(0, 0, 0, 0), UDim2.new(1, 0, 1, 0), skillcolorscheme2)
text1 =  Instance.new('TextLabel', frameskZ)
text1.BackgroundTransparency = 1
text1.Size = UDim2.new(1, 0, 1, 0)
text1.Position = UDim2.new(0, 0, 0, 0)
text1.TextColor3 = Color3.new(255, 255, 255)
text1.TextStrokeTransparency = 0
text1.FontSize = Enum.FontSize.Size18
text1.Font = desirefont
text1.BorderSizePixel = 0
text1.TextScaled = true
text2 =  Instance.new('TextLabel', frameskX)
text2.BackgroundTransparency = 1
text2.Size = UDim2.new(1, 0, 1, 0)
text2.Position = UDim2.new(0, 0, 0, 0)
text2.TextColor3 = Color3.new(255, 255, 255)
text2.TextStrokeTransparency = 0
text2.FontSize = Enum.FontSize.Size18
text2.Font = desirefont
text2.BorderSizePixel = 0
text2.TextScaled = true
text3 =  Instance.new('TextLabel', frameskC)
text3.BackgroundTransparency = 1
text3.Size = UDim2.new(1, 0, 1, 0)
text3.Position = UDim2.new(0, 0, 0, 0)
text3.TextColor3 = Color3.new(255, 255, 255)
text3.TextStrokeTransparency = 0
text3.FontSize = Enum.FontSize.Size18
text3.Font = desirefont
text3.BorderSizePixel = 0
text3.TextScaled = false
text4 =  Instance.new('TextLabel', frameskV)
text4.BackgroundTransparency = 1
text4.Size = UDim2.new(1, 0, 1, 0)
text4.Position = UDim2.new(0, 0, 0, 0)
text4.TextColor3 = Color3.new(255, 255, 255)
text4.TextStrokeTransparency = 0
text4.FontSize = Enum.FontSize.Size18
text4.Font = desirefont
text4.BorderSizePixel = 0
text4.TextScaled = true

text1.Text = "[Z]\n Reposition"
text2.Text = "[X]\n Battle Stance"
text3.Text = "[C]\n Mend"
text4.Text = "[V]\n Unload"

textXZ =  Instance.new('TextLabel', frameskXZ)
textXZ.BackgroundTransparency = 1
textXZ.Size = UDim2.new(1, 0, 1, 0)
textXZ.Position = UDim2.new(0, 0, 0, 0)
textXZ.TextColor3 = Color3.new(255, 255, 255)
textXZ.TextStrokeTransparency = 0
textXZ.FontSize = Enum.FontSize.Size18
textXZ.Font = desirefont
textXZ.BorderSizePixel = 0
textXZ.TextScaled = true
textXC =  Instance.new('TextLabel', frameskXC)
textXC.BackgroundTransparency = 1
textXC.Size = UDim2.new(1, 0, 1, 0)
textXC.Position = UDim2.new(0, 0, 0, 0)
textXC.TextColor3 = Color3.new(255, 255, 255)
textXC.TextStrokeTransparency = 0
textXC.FontSize = Enum.FontSize.Size18
textXC.Font = desirefont
textXC.BorderSizePixel = 0
textXC.TextScaled = true
textXV =  Instance.new('TextLabel', frameskXV)
textXV.BackgroundTransparency = 1
textXV.Size = UDim2.new(1, 0, 1, 0)
textXV.Position = UDim2.new(0, 0, 0, 0)
textXV.TextColor3 = Color3.new(255, 255, 255)
textXV.TextStrokeTransparency = 0
textXV.FontSize = Enum.FontSize.Size18
textXV.Font = desirefont
textXV.BorderSizePixel = 0
textXV.TextScaled = false

textXZ.Text = " "
textXC.Text = " "
textXV.Text = " "



frameskXZ.BackgroundTransparency = 1
frameskXC.BackgroundTransparency = 1
frameskXV.BackgroundTransparency = 1
barXZ.BackgroundTransparency = 1
barXC.BackgroundTransparency = 1
barXV.BackgroundTransparency = 1


reloadframe = makeframe(scrn, .8, UDim2.new(.8, 0, .4, 0), UDim2.new(.14, 0, .05, 0), skillcolorscheme)
reloadbar = makeframe(reloadframe, 0, UDim2.new(0, 0, 0, 0), UDim2.new(1, 0, 1, 0), skillcolorscheme2)

relodetext =  Instance.new('TextLabel', reloadframe)
relodetext.BackgroundTransparency = 1
relodetext.Size = UDim2.new(1, 0, 1, 0)
relodetext.Position = UDim2.new(0, 0, 0, 0)
relodetext.TextColor3 = Color3.new(255, 255, 255)
relodetext.TextStrokeTransparency = 0
relodetext.FontSize = Enum.FontSize.Size24
relodetext.Font = desirefont
relodetext.BorderSizePixel = 0
relodetext.TextScaled = false
relodetext.Text = currentammo..'/'..maxammo




Humanoid.WalkSpeed = 16
Humanoid.JumpPower = 60
Humanoid.Animator.Parent = nil
Character.Animate.Parent = nil

local newMotor = function(part0, part1, c0, c1)
	local w = Create('Motor'){
		Parent = part0,
		Part0 = part0,
		Part1 = part1,
		C0 = c0,
		C1 = c1,
	}
	return w
end



function clerp(a, b, t)
	return a:lerp(b, t)
end

RootCF = CFrame.fromEulerAnglesXYZ(-1.57, 0, 3.14)
NeckCF = CFrame.new(0, 1, 0, -1, -0, -0, 0, 0, 1, 0, 1, 0)

local RW = newMotor(Torso, RightArm, CFrame.new(1.5, 0, 0), CFrame.new(0, 0, 0)) 
local LW = newMotor(Torso, LeftArm, CFrame.new(-1.5, 0, 0), CFrame.new(0, 0, 0))
local RH = newMotor(Torso, RightLeg, CFrame.new(.5, -2, 0), CFrame.new(0, 0, 0))
local LH = newMotor(Torso, LeftLeg, CFrame.new(-.5, -2, 0), CFrame.new(0, 0, 0))
RootJoint.C1 = CFrame.new(0, 0, 0)
RootJoint.C0 = CFrame.new(0, 0, 0)
Torso.Neck.C1 = CFrame.new(0, 0, 0)
Torso.Neck.C0 = CFrame.new(0, 1.5, 0)

local rarmc1 = RW.C1
local larmc1 = LW.C1
local rlegc1 = RH.C1
local llegc1 = LH.C1

local resetc1 = false

function PlayAnimationFromTable(table, speed, bool)
	RootJoint.C0 = clerp(RootJoint.C0, table[1], speed) 
	Torso.Neck.C0 = clerp(Torso.Neck.C0, table[2], speed) 
	RW.C0 = clerp(RW.C0, table[3], speed) 
	LW.C0 = clerp(LW.C0, table[4], speed) 
	RH.C0 = clerp(RH.C0, table[5], speed) 
	LH.C0 = clerp(LH.C0, table[6], speed) 
	if bool == true then
		if resetc1 == false then
			resetc1 = true
			RootJoint.C1 = RootJoint.C1
			Torso.Neck.C1 = Torso.Neck.C1
			RW.C1 = rarmc1
			LW.C1 = larmc1
			RH.C1 = rlegc1
			LH.C1 = llegc1
		end
	end
end

ArtificialHB = Create("BindableEvent"){
	Parent = script,
	Name = "Heartbeat",
}

script:WaitForChild("Heartbeat")

frame = 1 / 35
tf = 0
allowframeloss = false
tossremainder = false
lastframe = tick()
script.Heartbeat:Fire()

game:GetService("RunService").Heartbeat:connect(function(s, p)
	tf = tf + s
	if tf >= frame then
		if allowframeloss then
			script.Heartbeat:Fire()
			lastframe = tick()
		else
			for i = 1, math.floor(tf / frame) do
				script.Heartbeat:Fire()
			end
			lastframe = tick()
		end
		if tossremainder then
			tf = 0
		else
			tf = tf - frame * math.floor(tf / frame)
		end
	end
end)

function swait(num)
	if num == 0 or num == nil then
		ArtificialHB.Event:wait()
	else
		for i = 0, num do
			ArtificialHB.Event:wait()
		end
	end
end

local m = Create("Model"){
	Parent = Character,
	Name = "WeaponModel"
}

function RemoveOutlines(part)
	part.TopSurface, part.BottomSurface, part.LeftSurface, part.RightSurface, part.FrontSurface, part.BackSurface = 10, 10, 10, 10, 10, 10
end

CFuncs = {	
	Part = {
		Create = function(Parent, Material, Reflectance, Transparency, BColor, Name, Size)
			local Part = Create("Part"){
				Parent = Parent,
				Reflectance = Reflectance,
				Transparency = Transparency,
				CanCollide = false,
				Locked = true,
				BrickColor = BrickColor.new(tostring(BColor)),
				Name = Name,
				Size = Size,
				Material = Material,
			}
			RemoveOutlines(Part)
			if Size == Vector3.new() then
				Part.Size = Vector3.new(0.2, 0.2, 0.2)
			else
				Part.Size = Size
			end
			return Part
		end;
	};

	Mesh = {
		Create = function(Mesh, Part, MeshType, MeshId, OffSet, Scale)
			local Msh = Create(Mesh){
				Parent = Part,
				Offset = OffSet,
				Scale = Scale,
			}
			if Mesh == "SpecialMesh" then
				Msh.MeshType = MeshType
				Msh.MeshId = MeshId
			end
			return Msh
		end;
	};

	Weld = {
		Create = function(Parent, Part0, Part1, C0, C1)
			local Weld = Create("Weld"){
				Parent = Parent,
				Part0 = Part0,
				Part1 = Part1,
				C0 = C0,
				C1 = C1,
			}
			return Weld
		end;
	};

	Sound = {
		Create = function(id, par, vol, pit) 
			coroutine.resume(coroutine.create(function()
				local S = Create("Sound"){
					Volume = vol,
					Pitch = pit or 1,
					SoundId = "rbxassetid://" .. id,
					Parent = par or workspace,
				}
				wait() 
				S:play() 
				game:GetService("Debris"):AddItem(S, 10)
			end))
		end;
	};

	ParticleEmitter = {
		Create = function(Parent, Color1, Color2, LightEmission, Size, Texture, Transparency, ZOffset, Accel, Drag, LockedToPart, VelocityInheritance, EmissionDirection, Enabled, LifeTime, Rate, Rotation, RotSpeed, Speed, VelocitySpread)
			local Particle = Create("ParticleEmitter"){
				Parent = Parent,
				Color = ColorSequence.new(Color1, Color2),
				LightEmission = LightEmission,
				Size = Size,
				Texture = Texture,
				Transparency = Transparency,
				ZOffset = ZOffset,
				Acceleration = Accel,
				Drag = Drag,
				LockedToPart = LockedToPart,
				VelocityInheritance = VelocityInheritance,
				EmissionDirection = EmissionDirection,
				Enabled = Enabled,
				Lifetime = LifeTime,
				Rate = Rate,
				Rotation = Rotation,
				RotSpeed = RotSpeed,
				Speed = Speed,
				VelocitySpread = VelocitySpread,
			}
			return Particle
		end;
	};

	CreateTemplate = {

	};
}

--Shotgun Model

Handle=CFuncs.Part.Create(m,Enum.Material.SmoothPlastic,0,1,"Medium stone grey","Handle",Vector3.new(0.230977222, 0.505653977, 0.244424))
HandleWeld=CFuncs.Weld.Create(m,Character["Left Arm"],Handle,CFrame.new(0, 0, 0, 1, 0, 0, 0, 1, 0, 0, 0, 1),CFrame.new(-0.489551544, 0.226313591, 0.00205421448, -0.0140927732, -0.988225222, -0.15235588, -0.120409302, 0.152939469, -0.980872691, 0.992624283, 0.00452187657, -0.121146858))
fHandle=CFuncs.Part.Create(m,Enum.Material.SmoothPlastic,0,1,"Medium stone grey","fHandle",Vector3.new(0.230977222, 0.505653977, 0.244424))
fHandleWeld=CFuncs.Weld.Create(m,Handle,fHandle,CFrame.new(0, 0, 0, 1, 0, 0, 0, 1, 0, 0, 0, 1),CFrame.new(-0.489551544, 0.226313591, 0.00205421448, -0.0140927732, -0.988225222, -0.15235588, -0.120409302, 0.152939469, -0.980872691, 0.992624283, 0.00452187657, -0.121146858))
Stockbox=CFuncs.Part.Create(m,Enum.Material.Plastic,0,1,"Medium stone grey","Stockbox",Vector3.new(1.35000181, 1.25999975, 1.21000016))
StockboxWeld=CFuncs.Weld.Create(m,fHandle,Stockbox,CFrame.new(0, 0, 0, 1, 0, 0, 0, 1, 0, 0, 0, 1),CFrame.new(-0.624462128, -0.121447086, -0.0863800049, 0.0217821598, 0.976389289, 0.214917779, -0.119256809, 0.215971515, -0.969089329, -0.992624402, -0.00452160835, 0.121145353))
Shellmaker=CFuncs.Part.Create(m,Enum.Material.SmoothPlastic,0,1,"Medium stone grey","Shellmaker",Vector3.new(0.294364125, 0.10708534, 0.0960408598))
ShellmakerWeld=CFuncs.Weld.Create(m,fHandle,Shellmaker,CFrame.new(0, 0, 0, 1, 0, 0, 0, 1, 0, 0, 0, 1),CFrame.new(-1.01054192, -0.63139534, -0.123239517, 0.999999881, -1.49011612e-08, -2.98023224e-08, -1.49011612e-08, 0.999999881, 0, -2.98023224e-08, 0, 1.00000012))
bulletmaker=CFuncs.Part.Create(m,Enum.Material.SmoothPlastic,0,1,"Medium stone grey","bulletmaker",Vector3.new(0.0773126334, 0.0921989903, 0.084515892))
bulletmakerWeld=CFuncs.Weld.Create(m,fHandle,bulletmaker,CFrame.new(0, 0, 0, 1, 0, 0, 0, 1, 0, 0, 0, 1),CFrame.new(-3.09943199, -0.656896591, -0.0268611908, 0.999999881, -1.49011612e-08, -2.98023224e-08, -1.49011612e-08, 0.999999881, 0, -2.98023224e-08, 0, 1.00000012))
Part=CFuncs.Part.Create(m,Enum.Material.SmoothPlastic,0,0,"Burlap","Part",Vector3.new(0.0763523355, 0.74047333, 0.0622474775))
PartWeld=CFuncs.Weld.Create(m,fHandle,Part,CFrame.new(0, 0, 0, 1, 0, 0, 0, 1, 0, 0, 0, 1),CFrame.new(-0.020904541, -2.09744072, -0.430066109, 1.1920929e-07, -7.4505806e-07, 1.00000012, 1, -2.98023224e-08, -1.78813934e-07, 2.98023224e-08, 1, 7.59959221e-07))
CFuncs.Mesh.Create("BlockMesh",Part,"","",Vector3.new(0, 0, 0),Vector3.new(1, 1, 0.678870738))
Part=CFuncs.Part.Create(m,Enum.Material.SmoothPlastic,0,0,"Burlap","Part",Vector3.new(0.182476982, 0.119570628, 0.16326943))
PartWeld=CFuncs.Weld.Create(m,fHandle,Part,CFrame.new(0, 0, 0, 1, 0, 0, 0, 1, 0, 0, 0, 1),CFrame.new(0.0352497101, 0.183197975, -0.0285701752, 0.999999881, -1.49011612e-08, -2.98023224e-08, -1.49011612e-08, 0.999999881, 0, -2.98023224e-08, 0, 1.00000012))
Part=CFuncs.Part.Create(m,Enum.Material.SmoothPlastic,0,0,"Burlap","Part",Vector3.new(0.183437362, 0.465309709, 0.16326943))
PartWeld=CFuncs.Weld.Create(m,fHandle,Part,CFrame.new(0, 0, 0, 1, 0, 0, 0, 1, 0, 0, 0, 1),CFrame.new(-0.0454616547, -0.0627765656, -0.0285644531, 0.866025507, -0.499999702, -1.78813934e-07, 0.499999762, 0.866025507, 8.04662704e-07, -3.27825546e-07, -8.19563866e-07, 1.00000012))
Part=CFuncs.Part.Create(m,Enum.Material.SmoothPlastic,0,0,"Earth blue","Part",Vector3.new(0.0753918514, 0.119570628, 0.172873542))
PartWeld=CFuncs.Weld.Create(m,fHandle,Part,CFrame.new(0, 0, 0, 1, 0, 0, 0, 1, 0, 0, 0, 1),CFrame.new(0.129617691, 0.184212685, -0.0285587311, 0.999999881, -1.49011612e-08, -2.98023224e-08, -1.49011612e-08, 0.999999881, 0, -2.98023224e-08, 0, 1.00000012))
Part=CFuncs.Part.Create(m,Enum.Material.SmoothPlastic,0,0,"Earth blue","Part",Vector3.new(0.0753918514, 0.371197164, 0.172873527))
PartWeld=CFuncs.Weld.Create(m,fHandle,Part,CFrame.new(0, 0, 0, 1, 0, 0, 0, 1, 0, 0, 0, 1),CFrame.new(0.0450191498, 0.00573158264, -0.0285778046, 0.866025507, -0.499999702, -1.78813934e-07, 0.499999762, 0.866025507, 8.04662704e-07, -3.27825546e-07, -8.19563866e-07, 1.00000012))
Part=CFuncs.Part.Create(m,Enum.Material.SmoothPlastic,0,0,"Earth blue","Part",Vector3.new(0.0622474775, 0.486446053, 0.144061252))
PartWeld=CFuncs.Weld.Create(m,fHandle,Part,CFrame.new(0, 0, 0, 1, 0, 0, 0, 1, 0, 0, 0, 1),CFrame.new(0.084405899, -0.0508937836, -0.0285682678, 0.866025507, -0.499999702, -1.78813934e-07, 0.499999762, 0.866025507, 8.04662704e-07, -3.27825546e-07, -8.19563866e-07, 1.00000012))
CFuncs.Mesh.Create("BlockMesh",Part,"","",Vector3.new(0, 0, 0),Vector3.new(0.0540017299, 1, 1))
Part=CFuncs.Part.Create(m,Enum.Material.SmoothPlastic,0,0,"Earth blue","Part",Vector3.new(0.0622474775, 0.119090639, 0.144061252))
PartWeld=CFuncs.Weld.Create(m,fHandle,Part,CFrame.new(0, 0, 0, 1, 0, 0, 0, 1, 0, 0, 0, 1),CFrame.new(0.16843605, 0.182041168, -0.0285587311, 0.999999881, -1.49011612e-08, -2.98023224e-08, -1.49011612e-08, 0.999999881, 0, -2.98023224e-08, 0, 1.00000012))
CFuncs.Mesh.Create("BlockMesh",Part,"","",Vector3.new(0, 0, 0),Vector3.new(0.0540017299, 1, 1))
Part=CFuncs.Part.Create(m,Enum.Material.SmoothPlastic,0,0,"Burlap","Part",Vector3.new(0.154145062, 0.159900382, 0.16326943))
PartWeld=CFuncs.Weld.Create(m,fHandle,Part,CFrame.new(0, 0, 0, 1, 0, 0, 0, 1, 0, 0, 0, 1),CFrame.new(-0.22857666, -0.191133022, -0.0285720825, 0.965925932, 0.258818686, 0, -0.258818686, 0.965925872, -9.9465251e-07, -3.27825546e-07, 9.53674316e-07, 1.00000012))
Part=CFuncs.Part.Create(m,Enum.Material.SmoothPlastic,0,0,"Earth blue","Part",Vector3.new(0.0753918514, 0.112847812, 0.172873542))
PartWeld=CFuncs.Weld.Create(m,fHandle,Part,CFrame.new(0, 0, 0, 1, 0, 0, 0, 1, 0, 0, 0, 1),CFrame.new(-0.00222587585, -0.22913456, -0.0285568237, 0.965925932, -0.258819044, 7.74860382e-07, 0.258818984, 0.965925813, 1.57952309e-06, -1.22189522e-06, -1.32620335e-06, 1))
Part=CFuncs.Part.Create(m,Enum.Material.SmoothPlastic,0,0,"Earth blue","Part",Vector3.new(0.0622474775, 0.113808274, 0.144061252))
PartWeld=CFuncs.Weld.Create(m,fHandle,Part,CFrame.new(0, 0, 0, 1, 0, 0, 0, 1, 0, 0, 0, 1),CFrame.new(0.0371608734, -0.228617668, -0.0285663605, 0.965925932, -0.258819044, 7.74860382e-07, 0.258818984, 0.965925813, 1.57952309e-06, -1.22189522e-06, -1.32620335e-06, 1))
CFuncs.Mesh.Create("BlockMesh",Part,"","",Vector3.new(0, 0, 0),Vector3.new(0.0540017299, 1, 1))
Part=CFuncs.Part.Create(m,Enum.Material.SmoothPlastic,0,0,"Earth blue","Part",Vector3.new(0.0622474775, 0.113808274, 0.144061252))
PartWeld=CFuncs.Weld.Create(m,fHandle,Part,CFrame.new(0, 0, 0, 1, 0, 0, 0, 1, 0, 0, 0, 1),CFrame.new(-0.105619431, -0.289684772, -0.0285644531, 0.965925932, 0.258818686, 0, -0.258818686, 0.965925872, -9.9465251e-07, -3.27825546e-07, 9.53674316e-07, 1.00000012))
CFuncs.Mesh.Create("BlockMesh",Part,"","",Vector3.new(0, 0, 0),Vector3.new(0.0540017299, 1, 1))
Part=CFuncs.Part.Create(m,Enum.Material.SmoothPlastic,0,0,"Earth blue","Part",Vector3.new(0.0622474775, 0.0854762271, 0.172873542))
PartWeld=CFuncs.Weld.Create(m,fHandle,Part,CFrame.new(0, 0, 0, 1, 0, 0, 0, 1, 0, 0, 0, 1),CFrame.new(-0.12963295, -0.276510715, -0.0285644531, 0.965925932, 0.258818686, 0, -0.258818686, 0.965925872, -9.9465251e-07, -3.27825546e-07, 9.53674316e-07, 1.00000012))
CFuncs.Mesh.Create("BlockMesh",Part,"","",Vector3.new(0, 0, 0),Vector3.new(0.717440903, 1, 1))
Part=CFuncs.Part.Create(m,Enum.Material.SmoothPlastic,0,0,"Earth blue","Part",Vector3.new(0.0622474775, 0.112847812, 0.172873542))
PartWeld=CFuncs.Weld.Create(m,fHandle,Part,CFrame.new(0, 0, 0, 1, 0, 0, 0, 1, 0, 0, 0, 1),CFrame.new(-0.316268921, -0.173998833, -0.0285587311, 0.500002027, 0.866024256, 2.11596489e-06, -0.866024196, 0.500001967, 5.96046448e-08, -1.07288361e-06, -1.86264515e-06, 1))
CFuncs.Mesh.Create("BlockMesh",Part,"","",Vector3.new(0, 0, 0),Vector3.new(0.54772383, 1, 1))
Part=CFuncs.Part.Create(m,Enum.Material.SmoothPlastic,0,0,"Earth blue","Part",Vector3.new(0.0622474775, 0.113808274, 0.144061252))
PartWeld=CFuncs.Weld.Create(m,fHandle,Part,CFrame.new(0, 0, 0, 1, 0, 0, 0, 1, 0, 0, 0, 1),CFrame.new(-0.298994064, -0.173471451, -0.0285644531, 0.500002027, 0.866024256, 2.11596489e-06, -0.866024196, 0.500001967, 5.96046448e-08, -1.07288361e-06, -1.86264515e-06, 1))
CFuncs.Mesh.Create("BlockMesh",Part,"","",Vector3.new(0, 0, 0),Vector3.new(0.239147544, 1, 1))
Part=CFuncs.Part.Create(m,Enum.Material.SmoothPlastic,0,0,"Earth blue","Part",Vector3.new(0.0622474775, 0.0950803086, 0.172873542))
PartWeld=CFuncs.Weld.Create(m,fHandle,Part,CFrame.new(0, 0, 0, 1, 0, 0, 0, 1, 0, 0, 0, 1),CFrame.new(-0.208971024, -0.221178055, -0.0285568237, 0.866025448, 0.499999702, -2.38418579e-07, -0.499999732, 0.866025507, 8.7916851e-07, 6.2584877e-07, -6.55651093e-07, 1.00000012))
CFuncs.Mesh.Create("BlockMesh",Part,"","",Vector3.new(0, 0, 0),Vector3.new(0.717440903, 1, 1))
Part=CFuncs.Part.Create(m,Enum.Material.SmoothPlastic,0,0,"Burlap","Part",Vector3.new(0.146461785, 0.196876034, 0.16326943))
PartWeld=CFuncs.Weld.Create(m,fHandle,Part,CFrame.new(0, 0, 0, 1, 0, 0, 0, 1, 0, 0, 0, 1),CFrame.new(-0.327466965, -0.178565979, -0.0285739899, 0.707106829, 0.70710665, -2.08616257e-07, -0.70710665, 0.707106888, 1.93715096e-07, 2.08616257e-07, 0, 1.00000012))
Part=CFuncs.Part.Create(m,Enum.Material.SmoothPlastic,0,0,"Burlap","Part",Vector3.new(0.0622474775, 0.246817216, 0.16326943))
PartWeld=CFuncs.Weld.Create(m,fHandle,Part,CFrame.new(0, 0, 0, 1, 0, 0, 0, 1, 0, 0, 0, 1),CFrame.new(-0.409929276, -0.000652313232, -0.0285587311, -5.96046448e-08, 0.999999881, -1.49011612e-08, -1, -2.98023224e-08, 2.98023224e-08, -2.98023224e-08, 0, 1.00000012))
CFuncs.Mesh.Create("BlockMesh",Part,"","",Vector3.new(0, 0, 0),Vector3.new(0.987445176, 1, 1))
Part=CFuncs.Part.Create(m,Enum.Material.SmoothPlastic,0,0,"Burlap","Part",Vector3.new(0.256908506, 0.250178576, 0.175754741))
PartWeld=CFuncs.Weld.Create(m,fHandle,Part,CFrame.new(0, 0, 0, 1, 0, 0, 0, 1, 0, 0, 0, 1),CFrame.new(-0.0943717957, -0.513149977, -0.0285682678, 0.965925932, 0.258818686, 0, -0.258818686, 0.965925872, -9.9465251e-07, -3.27825546e-07, 9.53674316e-07, 1.00000012))
Part=CFuncs.Part.Create(m,Enum.Material.SmoothPlastic,0,0,"Black","Part",Vector3.new(0.81730479, 0.0997623056, 0.0997624695))
PartWeld=CFuncs.Weld.Create(m,fHandle,Part,CFrame.new(0, 0, 0, 1, 0, 0, 0, 1, 0, 0, 0, 1),CFrame.new(0.471679688, -0.463490486, -0.0529289246, 0.999999881, -1.49011612e-08, -2.98023224e-08, -1.49011612e-08, 0.999999881, 0, -2.98023224e-08, 0, 1.00000012))
Part=CFuncs.Part.Create(m,Enum.Material.SmoothPlastic,0,0,"Black","Part",Vector3.new(0.504212916, 0.0997623056, 0.0997624695))
PartWeld=CFuncs.Weld.Create(m,fHandle,Part,CFrame.new(0, 0, 0, 1, 0, 0, 0, 1, 0, 0, 0, 1),CFrame.new(0.374668121, -0.534323692, -0.0529251099, 0.999999881, -1.49011612e-08, -2.98023224e-08, -1.49011612e-08, 0.999999881, 0, -2.98023224e-08, 0, 1.00000012))
Part=CFuncs.Part.Create(m,Enum.Material.SmoothPlastic,0,0,"Black","Part",Vector3.new(0.0744314641, 0.272275418, 0.184398398))
PartWeld=CFuncs.Weld.Create(m,fHandle,Part,CFrame.new(0, 0, 0, 1, 0, 0, 0, 1, 0, 0, 0, 1),CFrame.new(-0.242843628, -0.510847807, -0.0285606384, 0.965925932, 0.258818686, 0, -0.258818686, 0.965925872, -9.9465251e-07, -3.27825546e-07, 9.53674316e-07, 1.00000012))
Part=CFuncs.Part.Create(m,Enum.Material.SmoothPlastic,0,0,"Black","Part",Vector3.new(0.0744314641, 1.11887383, 0.184398398))
PartWeld=CFuncs.Weld.Create(m,fHandle,Part,CFrame.new(0, 0, 0, 1, 0, 0, 0, 1, 0, 0, 0, 1),CFrame.new(0.454176903, -0.655622482, -0.0285568237, 5.96046448e-08, -0.999999881, 1.49011612e-08, 1, 2.98023224e-08, -2.98023224e-08, -2.98023224e-08, 0, 1.00000012))
Part=CFuncs.Part.Create(m,Enum.Material.SmoothPlastic,0,0,"Earth blue","Part",Vector3.new(0.0622474775, 0.296285421, 0.194002435))
PartWeld=CFuncs.Weld.Create(m,fHandle,Part,CFrame.new(0, 0, 0, 1, 0, 0, 0, 1, 0, 0, 0, 1),CFrame.new(0.280355453, 0.50044775, -0.0285720825, -0.965925932, -0.258818686, 0, 0.258818686, -0.965925872, 9.9465251e-07, -3.27825546e-07, 9.53674316e-07, 1.00000012))
CFuncs.Mesh.Create("BlockMesh",Part,"","",Vector3.new(0, 0, 0),Vector3.new(0.200575769, 1, 1))
Part=CFuncs.Part.Create(m,Enum.Material.SmoothPlastic,0,0,"Black","Part",Vector3.new(0.283319652, 0.249225661, 0.184398398))
PartWeld=CFuncs.Weld.Create(m,fHandle,Part,CFrame.new(0, 0, 0, 1, 0, 0, 0, 1, 0, 0, 0, 1),CFrame.new(-0.314329147, -0.559855938, -0.0285587311, 0.995653629, 0.0931321532, 2.32458115e-06, -0.0931321681, 0.995653749, 7.5250864e-07, -2.29477882e-06, -9.83476639e-07, 1))
Part=CFuncs.Part.Create(m,Enum.Material.SmoothPlastic,0,0,"Earth blue","Part",Vector3.new(0.0622474775, 0.133496568, 0.172873542))
PartWeld=CFuncs.Weld.Create(m,fHandle,Part,CFrame.new(0, 0, 0, 1, 0, 0, 0, 1, 0, 0, 0, 1),CFrame.new(-0.349269867, -0.24421072, -0.0285644531, 0.866025448, 0.499999702, -2.38418579e-07, -0.499999732, 0.866025507, 8.7916851e-07, 6.2584877e-07, -6.55651093e-07, 1.00000012))
CFuncs.Mesh.Create("BlockMesh",Part,"","",Vector3.new(0, 0, 0),Vector3.new(0.717440903, 1, 1))
Part=CFuncs.Part.Create(m,Enum.Material.SmoothPlastic,0,0,"Earth blue","Part",Vector3.new(0.0622474775, 0.192081362, 0.172873542))
PartWeld=CFuncs.Weld.Create(m,fHandle,Part,CFrame.new(0, 0, 0, 1, 0, 0, 0, 1, 0, 0, 0, 1),CFrame.new(-0.293024063, -0.294204473, -0.0285720825, 0.965925932, 0.258818686, 0, -0.258818686, 0.965925872, -9.9465251e-07, -3.27825546e-07, 9.53674316e-07, 1.00000012))
CFuncs.Mesh.Create("BlockMesh",Part,"","",Vector3.new(0, 0, 0),Vector3.new(0.717440903, 1, 1))
Part=CFuncs.Part.Create(m,Enum.Material.SmoothPlastic,0,0,"Earth blue","Part",Vector3.new(0.0622474775, 0.0979615301, 0.172873542))
PartWeld=CFuncs.Weld.Create(m,fHandle,Part,CFrame.new(0, 0, 0, 1, 0, 0, 0, 1, 0, 0, 0, 1),CFrame.new(-0.356941223, 0.0116996765, -0.0285701752, 0.707106829, 0.70710665, -2.08616257e-07, -0.70710665, 0.707106888, 1.93715096e-07, 2.08616257e-07, 0, 1.00000012))
CFuncs.Mesh.Create("BlockMesh",Part,"","",Vector3.new(0, 0, 0),Vector3.new(0.717440903, 1, 1))
Part=CFuncs.Part.Create(m,Enum.Material.SmoothPlastic,0,0,"Earth blue","Part",Vector3.new(0.0622474775, 0.0979615301, 0.172873542))
PartWeld=CFuncs.Weld.Create(m,fHandle,Part,CFrame.new(0, 0, 0, 1, 0, 0, 0, 1, 0, 0, 0, 1),CFrame.new(-0.28327179, 0.268438339, -0.0285663605, 0.258818686, 0.965925872, 1.57952309e-06, -0.965925932, 0.258818716, -5.66244125e-07, -1.07288361e-06, -1.37090683e-06, 1))
CFuncs.Mesh.Create("BlockMesh",Part,"","",Vector3.new(0, 0, 0),Vector3.new(0.717440903, 1, 1))
Part=CFuncs.Part.Create(m,Enum.Material.SmoothPlastic,0,0,"Earth blue","Part",Vector3.new(0.0622474775, 0.0979615301, 0.172873542))
PartWeld=CFuncs.Weld.Create(m,fHandle,Part,CFrame.new(0, 0, 0, 1, 0, 0, 0, 1, 0, 0, 0, 1),CFrame.new(-0.192222595, 0.423189163, -0.0285587311, -5.96046448e-08, 0.999999881, -1.49011612e-08, -1, -2.98023224e-08, 2.98023224e-08, -2.98023224e-08, 0, 1.00000012))
CFuncs.Mesh.Create("BlockMesh",Part,"","",Vector3.new(0, 0, 0),Vector3.new(0.717440903, 1, 1))
Part=CFuncs.Part.Create(m,Enum.Material.SmoothPlastic,0,0,"Earth blue","Part",Vector3.new(0.0622474775, 0.0979615301, 0.172873542))
PartWeld=CFuncs.Weld.Create(m,fHandle,Part,CFrame.new(0, 0, 0, 1, 0, 0, 0, 1, 0, 0, 0, 1),CFrame.new(0.0651254654, 0.542451859, -0.0285663605, -0.500002563, 0.866023898, -1.69873238e-06, -0.866023898, -0.500002503, -5.36441803e-07, -1.37090683e-06, 1.1920929e-06, 1.00000012))
CFuncs.Mesh.Create("BlockMesh",Part,"","",Vector3.new(0, 0, 0),Vector3.new(0.717440903, 1, 1))
Part=CFuncs.Part.Create(m,Enum.Material.SmoothPlastic,0,0,"Earth blue","Part",Vector3.new(0.0622474775, 0.0622474775, 0.172873542))
PartWeld=CFuncs.Weld.Create(m,fHandle,Part,CFrame.new(0, 0, 0, 1, 0, 0, 0, 1, 0, 0, 0, 1),CFrame.new(0.349715233, 0.488988876, -0.0285606384, -0.866025507, 0.499999702, 1.78813934e-07, -0.499999762, -0.866025507, -8.04662704e-07, -3.27825546e-07, -8.19563866e-07, 1.00000012))
CFuncs.Mesh.Create("BlockMesh",Part,"","",Vector3.new(0, 0, 0),Vector3.new(0.717440903, 0.62486881, 1))
Part=CFuncs.Part.Create(m,Enum.Material.SmoothPlastic,0,0,"Earth blue","Part",Vector3.new(0.0622474775, 0.0622474775, 0.172873542))
PartWeld=CFuncs.Weld.Create(m,fHandle,Part,CFrame.new(0, 0, 0, 1, 0, 0, 0, 1, 0, 0, 0, 1),CFrame.new(0.468893051, 0.414321899, -0.0285682678, -0.965925932, 0.258819044, -7.74860382e-07, -0.258818984, -0.965925813, -1.57952309e-06, -1.22189522e-06, -1.32620335e-06, 1))
CFuncs.Mesh.Create("BlockMesh",Part,"","",Vector3.new(0, 0, 0),Vector3.new(0.717440903, 0.62486881, 1))
Part=CFuncs.Part.Create(m,Enum.Material.SmoothPlastic,0,0,"Earth blue","Part",Vector3.new(0.0622474775, 0.166150421, 0.172873542))
PartWeld=CFuncs.Weld.Create(m,fHandle,Part,CFrame.new(0, 0, 0, 1, 0, 0, 0, 1, 0, 0, 0, 1),CFrame.new(0.564922333, 0.374081612, -0.0285587311, -0.999999881, 1.49011612e-08, 2.98023224e-08, 1.49011612e-08, -0.999999881, 0, -2.98023224e-08, 0, 1.00000012))
CFuncs.Mesh.Create("BlockMesh",Part,"","",Vector3.new(0, 0, 0),Vector3.new(0.717440903, 1, 1))
Part=CFuncs.Part.Create(m,Enum.Material.SmoothPlastic,0,0,"Earth blue","Part",Vector3.new(0.0622474775, 0.0622474775, 0.0622474775))
PartWeld=CFuncs.Weld.Create(m,fHandle,Part,CFrame.new(0, 0, 0, 1, 0, 0, 0, 1, 0, 0, 0, 1),CFrame.new(-0.446313858, 0.0350942612, -0.0285625458, 0.707106829, 0.70710665, -2.08616257e-07, -0.70710665, 0.707106888, 1.93715096e-07, 2.08616257e-07, 0, 1.00000012))
CFuncs.Mesh.Create("BlockMesh",Part,"","",Vector3.new(0, 0, 0),Vector3.new(0.393159211, 0.862414598, 0.327713668))
Part=CFuncs.Part.Create(m,Enum.Material.SmoothPlastic,0,0,"Earth blue","Part",Vector3.new(0.0622474775, 0.0622474775, 0.0622474775))
PartWeld=CFuncs.Weld.Create(m,fHandle,Part,CFrame.new(0, 0, 0, 1, 0, 0, 0, 1, 0, 0, 0, 1),CFrame.new(-0.391670227, -0.236137867, -0.0285568237, 0.965925932, 0.258818686, 0, -0.258818686, 0.965925872, -9.9465251e-07, -3.27825546e-07, 9.53674316e-07, 1.00000012))
CFuncs.Mesh.Create("BlockMesh",Part,"","",Vector3.new(0, 0, 0),Vector3.new(0.393159211, 0.862414598, 0.327713668))
Part=CFuncs.Part.Create(m,Enum.Material.SmoothPlastic,0,0,"Earth blue","Part",Vector3.new(0.0622474775, 0.10526102, 0.0622474775))
PartWeld=CFuncs.Weld.Create(m,fHandle,Part,CFrame.new(0, 0, 0, 1, 0, 0, 0, 1, 0, 0, 0, 1),CFrame.new(-0.208478928, -0.470833778, -0.0285587311, 0.965925932, -0.258819044, 7.74860382e-07, 0.258818984, 0.965925813, 1.57952309e-06, -1.22189522e-06, -1.32620335e-06, 1))
CFuncs.Mesh.Create("BlockMesh",Part,"","",Vector3.new(0, 0, 0),Vector3.new(0.393159211, 1, 0.327713668))
Part=CFuncs.Part.Create(m,Enum.Material.SmoothPlastic,0,0,"Black","Part",Vector3.new(0.853799939, 0.249225661, 0.184398398))
PartWeld=CFuncs.Weld.Create(m,fHandle,Part,CFrame.new(0, 0, 0, 1, 0, 0, 0, 1, 0, 0, 0, 1),CFrame.new(-0.811216354, -0.600500107, -0.0285625458, 0.999999881, -1.49011612e-08, -2.98023224e-08, -1.49011612e-08, 0.999999881, 0, -2.98023224e-08, 0, 1.00000012))
Part=CFuncs.Part.Create(m,Enum.Material.SmoothPlastic,0,0,"Black","Part",Vector3.new(1.86222541, 0.142131716, 0.142131925))
PartWeld=CFuncs.Weld.Create(m,fHandle,Part,CFrame.new(0, 0, 0, 1, 0, 0, 0, 1, 0, 0, 0, 1),CFrame.new(-1.88418007, -0.649424553, -0.0289115906, 0.999999881, -1.49011612e-08, -2.98023224e-08, -1.49011612e-08, 0.999999881, 0, -2.98023224e-08, 0, 1.00000012))
Part=CFuncs.Part.Create(m,Enum.Material.SmoothPlastic,0,0,"Black","Part",Vector3.new(0.919107974, 0.0622474775, 0.184398398))
PartWeld=CFuncs.Weld.Create(m,fHandle,Part,CFrame.new(0, 0, 0, 1, 0, 0, 0, 1, 0, 0, 0, 1),CFrame.new(-0.843883514, -0.728718758, -0.0285587311, 0.999999881, -1.49011612e-08, -2.98023224e-08, -1.49011612e-08, 0.999999881, 0, -2.98023224e-08, 0, 1.00000012))
CFuncs.Mesh.Create("BlockMesh",Part,"","",Vector3.new(0, 0, 0),Vector3.new(1, 0.11571791, 1))
Part=CFuncs.Part.Create(m,Enum.Material.SmoothPlastic,0,0,"Black","Part",Vector3.new(0.919107974, 0.0622474775, 0.184398398))
PartWeld=CFuncs.Weld.Create(m,fHandle,Part,CFrame.new(0, 0, 0, 1, 0, 0, 0, 1, 0, 0, 0, 1),CFrame.new(-0.843877792, -0.746054649, -0.0285568237, 0.999999881, -1.49011612e-08, -2.98023224e-08, -1.49011612e-08, 0.999999881, 0, -2.98023224e-08, 0, 1.00000012))
CFuncs.Mesh.Create("BlockMesh",Part,"","",Vector3.new(0, 0, 0),Vector3.new(1, 0.11571791, 1))
Part=CFuncs.Part.Create(m,Enum.Material.SmoothPlastic,0,0,"Black","Part",Vector3.new(0.919107974, 0.0622474775, 0.152704939))
PartWeld=CFuncs.Weld.Create(m,fHandle,Part,CFrame.new(0, 0, 0, 1, 0, 0, 0, 1, 0, 0, 0, 1),CFrame.new(-0.843877792, -0.734283447, -0.0285568237, 0.999999881, -1.49011612e-08, -2.98023224e-08, -1.49011612e-08, 0.999999881, 0, -2.98023224e-08, 0, 1.00000012))
CFuncs.Mesh.Create("BlockMesh",Part,"","",Vector3.new(0, 0, 0),Vector3.new(1, 0.401151627, 1))
Part=CFuncs.Part.Create(m,Enum.Material.SmoothPlastic,0,0,"Black","Part",Vector3.new(0.0622474775, 0.0622474775, 0.184398398))
PartWeld=CFuncs.Weld.Create(m,fHandle,Part,CFrame.new(0, 0, 0, 1, 0, 0, 0, 1, 0, 0, 0, 1),CFrame.new(-0.391284943, -0.759021759, -0.0285587311, 0.999999881, -1.49011612e-08, -2.98023224e-08, -1.49011612e-08, 0.999999881, 0, -2.98023224e-08, 0, 1.00000012))
CFuncs.Mesh.Create("BlockMesh",Part,"","",Vector3.new(0, 0, 0),Vector3.new(0.223722026, 0.3008641, 1))
Part=CFuncs.Part.Create(m,Enum.Material.SmoothPlastic,0,0,"Black","Part",Vector3.new(0.0622474775, 0.0622474775, 0.184398398))
PartWeld=CFuncs.Weld.Create(m,fHandle,Part,CFrame.new(0, 0, 0, 1, 0, 0, 0, 1, 0, 0, 0, 1),CFrame.new(-0.433917999, -0.758702278, -0.0285682678, 0.999999881, -1.49011612e-08, -2.98023224e-08, -1.49011612e-08, 0.999999881, 0, -2.98023224e-08, 0, 1.00000012))
CFuncs.Mesh.Create("BlockMesh",Part,"","",Vector3.new(0, 0, 0),Vector3.new(0.300866187, 0.3008641, 1))
Part=CFuncs.Part.Create(m,Enum.Material.SmoothPlastic,0,0,"Black","Part",Vector3.new(0.0622474775, 0.0622474775, 0.184398398))
PartWeld=CFuncs.Weld.Create(m,fHandle,Part,CFrame.new(0, 0, 0, 1, 0, 0, 0, 1, 0, 0, 0, 1),CFrame.new(-0.479598999, -0.758406639, -0.0285568237, 0.999999881, -1.49011612e-08, -2.98023224e-08, -1.49011612e-08, 0.999999881, 0, -2.98023224e-08, 0, 1.00000012))
CFuncs.Mesh.Create("BlockMesh",Part,"","",Vector3.new(0, 0, 0),Vector3.new(0.300866187, 0.3008641, 1))
Part=CFuncs.Part.Create(m,Enum.Material.SmoothPlastic,0,0,"Black","Part",Vector3.new(0.0622474775, 0.0622474775, 0.184398398))
PartWeld=CFuncs.Weld.Create(m,fHandle,Part,CFrame.new(0, 0, 0, 1, 0, 0, 0, 1, 0, 0, 0, 1),CFrame.new(-0.519172668, -0.759467125, -0.0285625458, 0.999999881, -1.49011612e-08, -2.98023224e-08, -1.49011612e-08, 0.999999881, 0, -2.98023224e-08, 0, 1.00000012))
CFuncs.Mesh.Create("BlockMesh",Part,"","",Vector3.new(0, 0, 0),Vector3.new(0.300866187, 0.3008641, 1))
Part=CFuncs.Part.Create(m,Enum.Material.SmoothPlastic,0,0,"Black","Part",Vector3.new(0.0622474775, 0.0622474775, 0.184398398))
PartWeld=CFuncs.Weld.Create(m,fHandle,Part,CFrame.new(0, 0, 0, 1, 0, 0, 0, 1, 0, 0, 0, 1),CFrame.new(-0.564876556, -0.759284019, -0.0285587311, 0.999999881, -1.49011612e-08, -2.98023224e-08, -1.49011612e-08, 0.999999881, 0, -2.98023224e-08, 0, 1.00000012))
CFuncs.Mesh.Create("BlockMesh",Part,"","",Vector3.new(0, 0, 0),Vector3.new(0.300866187, 0.3008641, 1))
Part=CFuncs.Part.Create(m,Enum.Material.SmoothPlastic,0,0,"Black","Part",Vector3.new(0.0622474775, 0.0622474775, 0.184398398))
PartWeld=CFuncs.Weld.Create(m,fHandle,Part,CFrame.new(0, 0, 0, 1, 0, 0, 0, 1, 0, 0, 0, 1),CFrame.new(-0.74656105, -0.757936478, -0.0285720825, 0.999999881, -1.49011612e-08, -2.98023224e-08, -1.49011612e-08, 0.999999881, 0, -2.98023224e-08, 0, 1.00000012))
CFuncs.Mesh.Create("BlockMesh",Part,"","",Vector3.new(0, 0, 0),Vector3.new(0.300866187, 0.3008641, 1))
Part=CFuncs.Part.Create(m,Enum.Material.SmoothPlastic,0,0,"Black","Part",Vector3.new(0.0622474775, 0.0622474775, 0.184398398))
PartWeld=CFuncs.Weld.Create(m,fHandle,Part,CFrame.new(0, 0, 0, 1, 0, 0, 0, 1, 0, 0, 0, 1),CFrame.new(-0.700839996, -0.758119583, -0.0285701752, 0.999999881, -1.49011612e-08, -2.98023224e-08, -1.49011612e-08, 0.999999881, 0, -2.98023224e-08, 0, 1.00000012))
CFuncs.Mesh.Create("BlockMesh",Part,"","",Vector3.new(0, 0, 0),Vector3.new(0.300866187, 0.3008641, 1))
Part=CFuncs.Part.Create(m,Enum.Material.SmoothPlastic,0,0,"Black","Part",Vector3.new(0.0622474775, 0.0622474775, 0.184398398))
PartWeld=CFuncs.Weld.Create(m,fHandle,Part,CFrame.new(0, 0, 0, 1, 0, 0, 0, 1, 0, 0, 0, 1),CFrame.new(-0.615558624, -0.759425163, -0.0285568237, 0.999999881, -1.49011612e-08, -2.98023224e-08, -1.49011612e-08, 0.999999881, 0, -2.98023224e-08, 0, 1.00000012))
CFuncs.Mesh.Create("BlockMesh",Part,"","",Vector3.new(0, 0, 0),Vector3.new(0.300866187, 0.3008641, 1))
Part=CFuncs.Part.Create(m,Enum.Material.SmoothPlastic,0,0,"Black","Part",Vector3.new(0.0622474775, 0.0622474775, 0.184398398))
PartWeld=CFuncs.Weld.Create(m,fHandle,Part,CFrame.new(0, 0, 0, 1, 0, 0, 0, 1, 0, 0, 0, 1),CFrame.new(-0.661268234, -0.759130478, -0.0285720825, 0.999999881, -1.49011612e-08, -2.98023224e-08, -1.49011612e-08, 0.999999881, 0, -2.98023224e-08, 0, 1.00000012))
CFuncs.Mesh.Create("BlockMesh",Part,"","",Vector3.new(0, 0, 0),Vector3.new(0.300866187, 0.3008641, 1))
Part=CFuncs.Part.Create(m,Enum.Material.SmoothPlastic,0,0,"Black","Part",Vector3.new(0.0622474775, 0.0622474775, 0.184398398))
PartWeld=CFuncs.Weld.Create(m,fHandle,Part,CFrame.new(0, 0, 0, 1, 0, 0, 0, 1, 0, 0, 0, 1),CFrame.new(-0.790523529, -0.757699966, -0.0285625458, 0.999999881, -1.49011612e-08, -2.98023224e-08, -1.49011612e-08, 0.999999881, 0, -2.98023224e-08, 0, 1.00000012))
CFuncs.Mesh.Create("BlockMesh",Part,"","",Vector3.new(0, 0, 0),Vector3.new(0.300866187, 0.3008641, 1))
Part=CFuncs.Part.Create(m,Enum.Material.SmoothPlastic,0,0,"Black","Part",Vector3.new(0.0622474775, 0.0622474775, 0.184398398))
PartWeld=CFuncs.Weld.Create(m,fHandle,Part,CFrame.new(0, 0, 0, 1, 0, 0, 0, 1, 0, 0, 0, 1),CFrame.new(-1.10312653, -0.756930351, -0.0285625458, 0.999999881, -1.49011612e-08, -2.98023224e-08, -1.49011612e-08, 0.999999881, 0, -2.98023224e-08, 0, 1.00000012))
CFuncs.Mesh.Create("BlockMesh",Part,"","",Vector3.new(0, 0, 0),Vector3.new(0.300866187, 0.3008641, 1))
Part=CFuncs.Part.Create(m,Enum.Material.SmoothPlastic,0,0,"Black","Part",Vector3.new(0.0622474775, 0.0622474775, 0.184398398))
PartWeld=CFuncs.Weld.Create(m,fHandle,Part,CFrame.new(0, 0, 0, 1, 0, 0, 0, 1, 0, 0, 0, 1),CFrame.new(-1.05741501, -0.757115364, -0.0285663605, 0.999999881, -1.49011612e-08, -2.98023224e-08, -1.49011612e-08, 0.999999881, 0, -2.98023224e-08, 0, 1.00000012))
CFuncs.Mesh.Create("BlockMesh",Part,"","",Vector3.new(0, 0, 0),Vector3.new(0.300866187, 0.3008641, 1))
Part=CFuncs.Part.Create(m,Enum.Material.SmoothPlastic,0,0,"Black","Part",Vector3.new(0.0622474775, 0.0622474775, 0.184398398))
PartWeld=CFuncs.Weld.Create(m,fHandle,Part,CFrame.new(0, 0, 0, 1, 0, 0, 0, 1, 0, 0, 0, 1),CFrame.new(-0.836206436, -0.757403374, -0.0285663605, 0.999999881, -1.49011612e-08, -2.98023224e-08, -1.49011612e-08, 0.999999881, 0, -2.98023224e-08, 0, 1.00000012))
CFuncs.Mesh.Create("BlockMesh",Part,"","",Vector3.new(0, 0, 0),Vector3.new(0.300866187, 0.3008641, 1))
Part=CFuncs.Part.Create(m,Enum.Material.SmoothPlastic,0,0,"Black","Part",Vector3.new(0.0622474775, 0.0622474775, 0.184398398))
